Time        0            
0.0300177     (20.0003 -7.18524e-05 0.704635)
0.0300354     (20.0003 -7.18251e-05 0.705043)
0.0300531     (20.0003 -7.18723e-05 0.705451)
0.0300707     (20.0003 -7.19177e-05 0.705858)
0.0300884     (20.0003 -7.1957e-05 0.706266)
0.0301061     (20.0003 -7.1993e-05 0.706673)
0.0301238     (20.0003 -7.20247e-05 0.707081)
0.0301415     (20.0003 -7.20525e-05 0.707488)
0.0301592     (20.0003 -7.20772e-05 0.707895)
0.0301768     (20.0003 -7.20986e-05 0.708303)
0.0301945     (20.0003 -7.21166e-05 0.70871)
0.0302122     (20.0003 -7.21294e-05 0.709117)
0.0302299     (20.0003 -7.21493e-05 0.709524)
0.0302476     (20.0003 -7.21702e-05 0.709932)
0.0302653     (20.0003 -7.21884e-05 0.710339)
0.0302829     (20.0003 -7.22052e-05 0.710746)
0.0303006     (20.0003 -7.22224e-05 0.711153)
0.0303183     (20.0003 -7.22391e-05 0.71156)
0.030336      (20.0003 -7.2255e-05 0.711967)
0.0303537     (20.0003 -7.22708e-05 0.712374)
0.0303714     (20.0003 -7.22863e-05 0.712781)
0.030389      (20.0003 -7.23009e-05 0.713188)
0.0304067     (20.0003 -7.23151e-05 0.713595)
0.0304244     (20.0003 -7.2327e-05 0.714002)
0.0304421     (20.0003 -7.23448e-05 0.714409)
0.0304598     (20.0003 -7.23629e-05 0.714815)
0.0304775     (20.0003 -7.23804e-05 0.715222)
0.0304951     (20.0003 -7.2399e-05 0.715629)
0.0305128     (20.0003 -7.242e-05 0.716035)
0.0305305     (20.0003 -7.24449e-05 0.716442)
0.0305482     (20.0003 -7.2467e-05 0.716849)
0.0305659     (20.0003 -7.24871e-05 0.717255)
0.0305836     (20.0003 -7.2507e-05 0.717662)
0.0306012     (20.0003 -7.25254e-05 0.718068)
0.0306189     (20.0003 -7.25467e-05 0.718475)
0.0306366     (20.0003 -7.2568e-05 0.718881)
0.0306543     (20.0003 -7.25885e-05 0.719288)
0.030672      (20.0003 -7.261e-05 0.719694)
0.0306897     (20.0003 -7.26307e-05 0.720101)
0.0307073     (20.0003 -7.26512e-05 0.720507)
0.030725      (20.0003 -7.26725e-05 0.720913)
0.0307427     (20.0003 -7.26941e-05 0.721319)
0.0307604     (20.0003 -7.27166e-05 0.721726)
0.0307781     (20.0003 -7.27404e-05 0.722132)
0.0307958     (20.0003 -7.27658e-05 0.722538)
0.0308134     (20.0003 -7.27927e-05 0.722944)
0.0308311     (20.0003 -7.28223e-05 0.72335)
0.0308488     (20.0003 -7.28555e-05 0.723756)
0.0308665     (20.0003 -7.28904e-05 0.724162)
0.0308842     (20.0003 -7.29329e-05 0.724568)
0.0309019     (20.0003 -7.30247e-05 0.724974)
0.0309195     (20.0003 -7.30441e-05 0.72538)
0.0309372     (20.0003 -7.30382e-05 0.725786)
0.0309549     (20.0003 -7.30279e-05 0.726192)
0.0309726     (20.0003 -7.302e-05 0.726597)
0.0309903     (20.0003 -7.30148e-05 0.727003)
0.031008      (20.0003 -7.30105e-05 0.727409)
0.0310256     (20.0003 -7.30076e-05 0.727814)
0.0310433     (20.0003 -7.30055e-05 0.72822)
0.031061      (20.0003 -7.30045e-05 0.728626)
0.0310787     (20.0003 -7.30054e-05 0.729031)
0.0310964     (20.0003 -7.30058e-05 0.729437)
0.0311141     (20.0003 -7.30065e-05 0.729842)
0.0311317     (20.0003 -7.30088e-05 0.730247)
0.0311494     (20.0003 -7.30134e-05 0.730653)
0.0311671     (20.0003 -7.30233e-05 0.731058)
0.0311848     (20.0003 -7.3028e-05 0.731464)
0.0312025     (20.0003 -7.3031e-05 0.731869)
0.0312202     (20.0003 -7.30344e-05 0.732274)
0.0312378     (20.0003 -7.30373e-05 0.732679)
0.0312555     (20.0003 -7.304e-05 0.733085)
0.0312732     (20.0003 -7.30429e-05 0.73349)
0.0312909     (20.0003 -7.30464e-05 0.733895)
0.0313086     (20.0003 -7.30526e-05 0.7343)
0.0313263     (20.0003 -7.30661e-05 0.734705)
0.0313439     (20.0003 -7.30674e-05 0.73511)
0.0313616     (20.0003 -7.30664e-05 0.735515)
0.0313793     (20.0003 -7.30643e-05 0.73592)
0.031397      (20.0003 -7.30625e-05 0.736325)
0.0314147     (20.0003 -7.30651e-05 0.73673)
0.0314324     (20.0003 -7.30689e-05 0.737134)
0.03145       (20.0003 -7.30715e-05 0.737539)
0.0314677     (20.0003 -7.30759e-05 0.737944)
0.0314854     (20.0003 -7.30774e-05 0.738349)
0.0315031     (20.0003 -7.30752e-05 0.738753)
0.0315208     (20.0003 -7.30678e-05 0.739158)
0.0315385     (20.0003 -7.30534e-05 0.739563)
0.0315561     (20.0003 -7.30249e-05 0.739967)
0.0315738     (20.0003 -7.28862e-05 0.740372)
0.0315915     (20.0003 -7.28625e-05 0.740776)
0.0316092     (20.0003 -7.28896e-05 0.741181)
0.0316269     (20.0003 -7.29228e-05 0.741585)
0.0316446     (20.0003 -7.29581e-05 0.74199)
0.0316622     (20.0003 -7.29935e-05 0.742394)
0.0316799     (20.0003 -7.30295e-05 0.742798)
0.0316976     (20.0003 -7.30623e-05 0.743203)
0.0317153     (20.0003 -7.30927e-05 0.743607)
0.031733      (20.0003 -7.31227e-05 0.744011)
0.0317507     (20.0003 -7.31531e-05 0.744415)
0.0317683     (20.0003 -7.31833e-05 0.74482)
0.031786      (20.0003 -7.32131e-05 0.745224)
0.0318037     (20.0003 -7.32425e-05 0.745628)
0.0318214     (20.0003 -7.32716e-05 0.746032)
0.0318391     (20.0003 -7.33009e-05 0.746436)
0.0318568     (20.0003 -7.33313e-05 0.74684)
0.0318744     (20.0003 -7.33614e-05 0.747244)
0.0318921     (20.0003 -7.33938e-05 0.747648)
0.0319098     (20.0003 -7.34251e-05 0.748052)
0.0319275     (20.0003 -7.34564e-05 0.748455)
0.0319452     (20.0003 -7.34893e-05 0.748859)
0.0319629     (20.0003 -7.35173e-05 0.749263)
0.0319805     (20.0003 -7.35416e-05 0.749667)
0.0319982     (20.0003 -7.3565e-05 0.75007)
0.0320159     (20.0003 -7.35879e-05 0.750474)
0.0320336     (20.0003 -7.36098e-05 0.750878)
0.0320513     (20.0003 -7.3634e-05 0.751281)
0.032069      (20.0003 -7.36564e-05 0.751685)
0.0320866     (20.0003 -7.36777e-05 0.752088)
0.0321043     (20.0003 -7.36984e-05 0.752492)
0.032122      (20.0003 -7.37189e-05 0.752895)
0.0321397     (20.0003 -7.37411e-05 0.753299)
0.0321574     (20.0003 -7.37681e-05 0.753702)
0.0321751     (20.0003 -7.37901e-05 0.754105)
0.0321927     (20.0003 -7.38057e-05 0.754508)
0.0322104     (20.0003 -7.38183e-05 0.754912)
0.0322281     (20.0003 -7.38269e-05 0.755315)
0.0322458     (20.0003 -7.38432e-05 0.755718)
0.0322635     (20.0003 -7.38626e-05 0.756121)
0.0322812     (20.0003 -7.38804e-05 0.756524)
0.0322989     (20.0003 -7.38948e-05 0.756927)
0.0323165     (20.0003 -7.39097e-05 0.75733)
0.0323342     (20.0003 -7.39289e-05 0.757733)
0.0323519     (20.0003 -7.39487e-05 0.758136)
0.0323696     (20.0003 -7.39691e-05 0.758539)
0.0323873     (20.0003 -7.3987e-05 0.758942)
0.032405      (20.0003 -7.40027e-05 0.759345)
0.0324226     (20.0003 -7.40182e-05 0.759748)
0.0324403     (20.0003 -7.40343e-05 0.76015)
0.032458      (20.0003 -7.40488e-05 0.760553)
0.0324757     (20.0003 -7.40639e-05 0.760956)
0.0324934     (20.0003 -7.40788e-05 0.761358)
0.0325111     (20.0003 -7.40926e-05 0.761761)
0.0325287     (20.0003 -7.41085e-05 0.762164)
0.0325464     (20.0003 -7.4128e-05 0.762566)
0.0325641     (20.0003 -7.41476e-05 0.762969)
0.0325818     (20.0003 -7.4166e-05 0.763371)
0.0325995     (20.0003 -7.41816e-05 0.763774)
0.0326172     (20.0003 -7.41966e-05 0.764176)
0.0326348     (20.0003 -7.4211e-05 0.764578)
0.0326525     (20.0003 -7.42277e-05 0.764981)
0.0326702     (20.0003 -7.4246e-05 0.765383)
0.0326879     (20.0003 -7.42634e-05 0.765785)
0.0327056     (20.0003 -7.42802e-05 0.766187)
0.0327233     (20.0003 -7.42966e-05 0.766589)
0.0327409     (20.0003 -7.43132e-05 0.766992)
0.0327586     (20.0003 -7.433e-05 0.767394)
0.0327763     (20.0003 -7.43468e-05 0.767796)
0.032794      (20.0003 -7.4363e-05 0.768198)
0.0328117     (20.0003 -7.43787e-05 0.7686)
0.0328294     (20.0003 -7.43965e-05 0.769002)
0.032847      (20.0003 -7.44154e-05 0.769404)
0.0328647     (20.0003 -7.44318e-05 0.769805)
0.0328824     (20.0003 -7.44476e-05 0.770207)
0.0329001     (20.0003 -7.44601e-05 0.770609)
0.0329178     (20.0003 -7.4478e-05 0.771011)
0.0329355     (20.0003 -7.4497e-05 0.771412)
0.0329531     (20.0003 -7.45132e-05 0.771814)
0.0329708     (20.0003 -7.45273e-05 0.772216)
0.0329885     (20.0003 -7.45433e-05 0.772617)
0.0330062     (20.0003 -7.45581e-05 0.773019)
0.0330239     (20.0003 -7.45765e-05 0.77342)
0.0330416     (20.0003 -7.45973e-05 0.773822)
0.0330592     (20.0003 -7.46196e-05 0.774223)
0.0330769     (20.0003 -7.46373e-05 0.774625)
0.0330946     (20.0003 -7.46539e-05 0.775026)
0.0331123     (20.0003 -7.46705e-05 0.775427)
0.03313       (20.0003 -7.46875e-05 0.775829)
0.0331477     (20.0003 -7.47056e-05 0.77623)
0.0331653     (20.0003 -7.47287e-05 0.776631)
0.033183      (20.0003 -7.4746e-05 0.777032)
0.0332007     (20.0003 -7.47582e-05 0.777433)
0.0332184     (20.0003 -7.47694e-05 0.777834)
0.0332361     (20.0003 -7.47802e-05 0.778235)
0.0332538     (20.0003 -7.47898e-05 0.778636)
0.0332714     (20.0003 -7.48015e-05 0.779037)
0.0332891     (20.0003 -7.48138e-05 0.779438)
0.0333068     (20.0003 -7.48264e-05 0.779839)
0.0333245     (20.0003 -7.48394e-05 0.78024)
0.0333422     (20.0003 -7.48528e-05 0.780641)
0.0333599     (20.0003 -7.48657e-05 0.781042)
0.0333775     (20.0003 -7.48763e-05 0.781443)
0.0333952     (20.0003 -7.48852e-05 0.781843)
0.0334129     (20.0003 -7.48942e-05 0.782244)
0.0334306     (20.0003 -7.49035e-05 0.782645)
0.0334483     (20.0003 -7.49142e-05 0.783045)
0.033466      (20.0003 -7.49248e-05 0.783446)
0.0334836     (20.0003 -7.49348e-05 0.783846)
0.0335013     (20.0003 -7.49441e-05 0.784247)
0.033519      (20.0003 -7.49571e-05 0.784647)
0.0335367     (20.0003 -7.49704e-05 0.785048)
0.0335544     (20.0003 -7.49846e-05 0.785448)
0.0335721     (20.0003 -7.50006e-05 0.785848)
0.0335897     (20.0003 -7.50168e-05 0.786248)
0.0336074     (20.0003 -7.50335e-05 0.786649)
0.0336251     (20.0003 -7.50509e-05 0.787049)
0.0336428     (20.0003 -7.50617e-05 0.787449)
0.0336605     (20.0003 -7.50734e-05 0.787849)
0.0336782     (20.0003 -7.50842e-05 0.788249)
0.0336958     (20.0003 -7.50926e-05 0.788649)
0.0337135     (20.0003 -7.51036e-05 0.789049)
0.0337312     (20.0003 -7.51161e-05 0.789449)
0.0337489     (20.0003 -7.51271e-05 0.789849)
0.0337666     (20.0003 -7.51398e-05 0.790249)
0.0337843     (20.0003 -7.51545e-05 0.790649)
0.0338019     (20.0003 -7.51701e-05 0.791049)
0.0338196     (20.0003 -7.51862e-05 0.791449)
0.0338373     (20.0003 -7.52018e-05 0.791848)
0.033855      (20.0003 -7.52171e-05 0.792248)
0.0338727     (20.0003 -7.52322e-05 0.792648)
0.0338904     (20.0003 -7.52467e-05 0.793047)
0.033908      (20.0003 -7.52611e-05 0.793447)
0.0339257     (20.0003 -7.52756e-05 0.793846)
0.0339434     (20.0003 -7.52898e-05 0.794246)
0.0339611     (20.0003 -7.53055e-05 0.794645)
0.0339788     (20.0003 -7.53236e-05 0.795045)
0.0339965     (20.0003 -7.5343e-05 0.795444)
0.0340141     (20.0003 -7.53626e-05 0.795843)
0.0340318     (20.0003 -7.53826e-05 0.796243)
0.0340495     (20.0003 -7.5403e-05 0.796642)
0.0340672     (20.0003 -7.54246e-05 0.797041)
0.0340849     (20.0003 -7.54471e-05 0.79744)
0.0341026     (20.0003 -7.54657e-05 0.79784)
0.0341202     (20.0003 -7.54825e-05 0.798239)
0.0341379     (20.0003 -7.54995e-05 0.798638)
0.0341556     (20.0003 -7.55208e-05 0.799037)
0.0341733     (20.0003 -7.55442e-05 0.799436)
0.034191      (20.0003 -7.55631e-05 0.799835)
0.0342087     (20.0003 -7.55815e-05 0.800233)
0.0342263     (20.0003 -7.56009e-05 0.800632)
0.034244      (20.0003 -7.56233e-05 0.801031)
0.0342617     (20.0003 -7.56418e-05 0.80143)
0.0342794     (20.0003 -7.56592e-05 0.801829)
0.0342971     (20.0003 -7.56764e-05 0.802227)
0.0343148     (20.0003 -7.56945e-05 0.802626)
0.0343324     (20.0003 -7.57127e-05 0.803025)
0.0343501     (20.0003 -7.57309e-05 0.803423)
0.0343678     (20.0003 -7.57498e-05 0.803822)
0.0343855     (20.0003 -7.57697e-05 0.80422)
0.0344032     (20.0003 -7.57936e-05 0.804619)
0.0344209     (20.0003 -7.58166e-05 0.805017)
0.0344385     (20.0003 -7.58391e-05 0.805415)
0.0344562     (20.0003 -7.58651e-05 0.805814)
0.0344739     (20.0003 -7.58896e-05 0.806212)
0.0344916     (20.0003 -7.59118e-05 0.80661)
0.0345093     (20.0003 -7.59339e-05 0.807009)
0.034527      (20.0003 -7.5955e-05 0.807407)
0.0345447     (20.0003 -7.59773e-05 0.807805)
0.0345623     (20.0003 -7.59998e-05 0.808203)
0.03458       (20.0003 -7.60191e-05 0.808601)
0.0345977     (20.0003 -7.60369e-05 0.808999)
0.0346154     (20.0003 -7.60575e-05 0.809397)
0.0346331     (20.0003 -7.60803e-05 0.809795)
0.0346508     (20.0003 -7.61033e-05 0.810193)
0.0346684     (20.0003 -7.61287e-05 0.810591)
0.0346861     (20.0003 -7.61515e-05 0.810989)
0.0347038     (20.0003 -7.61728e-05 0.811386)
0.0347215     (20.0003 -7.61952e-05 0.811784)
0.0347392     (20.0003 -7.62186e-05 0.812182)
0.0347569     (20.0003 -7.62454e-05 0.81258)
0.0347745     (20.0003 -7.62744e-05 0.812977)
0.0347922     (20.0003 -7.63007e-05 0.813375)
0.0348099     (20.0003 -7.63256e-05 0.813772)
0.0348276     (20.0003 -7.63508e-05 0.81417)
0.0348453     (20.0003 -7.63758e-05 0.814567)
0.034863      (20.0003 -7.64023e-05 0.814965)
0.0348806     (20.0003 -7.64303e-05 0.815362)
0.0348983     (20.0003 -7.64552e-05 0.815759)
0.034916      (20.0003 -7.64769e-05 0.816157)
0.0349337     (20.0003 -7.64976e-05 0.816554)
0.0349514     (20.0003 -7.65211e-05 0.816951)
0.0349691     (20.0003 -7.65466e-05 0.817348)
0.0349867     (20.0003 -7.65743e-05 0.817746)
0.0350044     (20.0003 -7.66029e-05 0.818143)
0.0350221     (20.0003 -7.66297e-05 0.81854)
0.0350398     (20.0003 -7.66558e-05 0.818937)
0.0350575     (20.0003 -7.6682e-05 0.819334)
0.0350752     (20.0003 -7.67102e-05 0.819731)
0.0350928     (20.0003 -7.67365e-05 0.820127)
0.0351105     (20.0003 -7.67577e-05 0.820524)
0.0351282     (20.0003 -7.67823e-05 0.820921)
0.0351459     (20.0003 -7.68095e-05 0.821318)
0.0351636     (20.0003 -7.68367e-05 0.821715)
0.0351813     (20.0003 -7.68636e-05 0.822111)
0.0351989     (20.0003 -7.68927e-05 0.822508)
0.0352166     (20.0003 -7.69189e-05 0.822905)
0.0352343     (20.0003 -7.69475e-05 0.823301)
0.035252      (20.0003 -7.69794e-05 0.823698)
0.0352697     (20.0003 -7.70099e-05 0.824094)
0.0352874     (20.0003 -7.70392e-05 0.824491)
0.035305      (20.0003 -7.70673e-05 0.824887)
0.0353227     (20.0003 -7.70979e-05 0.825283)
0.0353404     (20.0003 -7.71309e-05 0.82568)
0.0353581     (20.0003 -7.71602e-05 0.826076)
0.0353758     (20.0003 -7.71877e-05 0.826472)
0.0353935     (20.0003 -7.72156e-05 0.826869)
0.0354111     (20.0003 -7.72428e-05 0.827265)
0.0354288     (20.0003 -7.72709e-05 0.827661)
0.0354465     (20.0003 -7.7299e-05 0.828057)
0.0354642     (20.0003 -7.73257e-05 0.828453)
0.0354819     (20.0003 -7.73561e-05 0.828849)
0.0354996     (20.0003 -7.73893e-05 0.829245)
0.0355172     (20.0003 -7.74225e-05 0.829641)
0.0355349     (20.0003 -7.74555e-05 0.830037)
0.0355526     (20.0003 -7.74879e-05 0.830433)
0.0355703     (20.0003 -7.75208e-05 0.830828)
0.035588      (20.0003 -7.75533e-05 0.831224)
0.0356057     (20.0003 -7.75891e-05 0.83162)
0.0356233     (20.0003 -7.7622e-05 0.832016)
0.035641      (20.0003 -7.76527e-05 0.832411)
0.0356587     (20.0003 -7.76826e-05 0.832807)
0.0356764     (20.0003 -7.77138e-05 0.833202)
0.0356941     (20.0003 -7.7746e-05 0.833598)
0.0357118     (20.0003 -7.77789e-05 0.833993)
0.0357294     (20.0003 -7.78123e-05 0.834389)
0.0357471     (20.0003 -7.78433e-05 0.834784)
0.0357648     (20.0003 -7.78726e-05 0.835179)
0.0357825     (20.0003 -7.79022e-05 0.835575)
0.0358002     (20.0003 -7.79317e-05 0.83597)
0.0358179     (20.0003 -7.79605e-05 0.836365)
0.0358355     (20.0003 -7.79923e-05 0.83676)
0.0358532     (20.0003 -7.80256e-05 0.837156)
0.0358709     (20.0003 -7.80589e-05 0.837551)
0.0358886     (20.0003 -7.80919e-05 0.837946)
0.0359063     (20.0003 -7.81276e-05 0.838341)
0.035924      (20.0003 -7.81596e-05 0.838736)
0.0359416     (20.0003 -7.81888e-05 0.839131)
0.0359593     (20.0003 -7.82184e-05 0.839525)
0.035977      (20.0003 -7.82507e-05 0.83992)
0.0359947     (20.0003 -7.82871e-05 0.840315)
0.0360124     (20.0003 -7.83178e-05 0.84071)
0.0360301     (20.0003 -7.83478e-05 0.841105)
0.0360477     (20.0003 -7.83747e-05 0.841499)
0.0360654     (20.0003 -7.84005e-05 0.841894)
0.0360831     (20.0003 -7.84274e-05 0.842288)
0.0361008     (20.0003 -7.84545e-05 0.842683)
0.0361185     (20.0003 -7.84803e-05 0.843077)
0.0361362     (20.0003 -7.85064e-05 0.843472)
0.0361538     (20.0003 -7.85318e-05 0.843866)
0.0361715     (20.0003 -7.85569e-05 0.844261)
0.0361892     (20.0003 -7.8584e-05 0.844655)
0.0362069     (20.0003 -7.86105e-05 0.845049)
0.0362246     (20.0003 -7.86407e-05 0.845444)
0.0362423     (20.0003 -7.86746e-05 0.845838)
0.0362599     (20.0003 -7.87098e-05 0.846232)
0.0362776     (20.0003 -7.87446e-05 0.846626)
0.0362953     (20.0003 -7.87753e-05 0.84702)
0.036313      (20.0003 -7.88052e-05 0.847414)
0.0363307     (20.0003 -7.88349e-05 0.847808)
0.0363484     (20.0003 -7.88643e-05 0.848202)
0.036366      (20.0003 -7.88936e-05 0.848596)
0.0363837     (20.0003 -7.89264e-05 0.84899)
0.0364014     (20.0003 -7.89621e-05 0.849384)
0.0364191     (20.0003 -7.90014e-05 0.849778)
0.0364368     (20.0003 -7.90329e-05 0.850171)
0.0364545     (20.0003 -7.90611e-05 0.850565)
0.0364721     (20.0003 -7.90906e-05 0.850959)
0.0364898     (20.0003 -7.91154e-05 0.851352)
0.0365075     (20.0003 -7.91383e-05 0.851746)
0.0365252     (20.0003 -7.91618e-05 0.852139)
0.0365429     (20.0003 -7.91864e-05 0.852533)
0.0365606     (20.0003 -7.92125e-05 0.852926)
0.0365782     (20.0003 -7.9248e-05 0.85332)
0.0365959     (20.0003 -7.92739e-05 0.853713)
0.0366136     (20.0003 -7.92947e-05 0.854106)
0.0366313     (20.0003 -7.93155e-05 0.8545)
0.036649      (20.0003 -7.93362e-05 0.854893)
0.0366667     (20.0003 -7.93582e-05 0.855286)
0.0366844     (20.0003 -7.9383e-05 0.855679)
0.036702      (20.0003 -7.94056e-05 0.856072)
0.0367197     (20.0003 -7.94241e-05 0.856465)
0.0367374     (20.0003 -7.94402e-05 0.856859)
0.0367551     (20.0003 -7.94589e-05 0.857251)
0.0367728     (20.0003 -7.94798e-05 0.857644)
0.0367905     (20.0003 -7.95002e-05 0.858037)
0.0368081     (20.0003 -7.95191e-05 0.85843)
0.0368258     (20.0003 -7.95391e-05 0.858823)
0.0368435     (20.0003 -7.95607e-05 0.859216)
0.0368612     (20.0003 -7.95824e-05 0.859608)
0.0368789     (20.0003 -7.9604e-05 0.860001)
0.0368966     (20.0003 -7.96233e-05 0.860394)
0.0369142     (20.0003 -7.96411e-05 0.860786)
0.0369319     (20.0003 -7.96617e-05 0.861179)
0.0369496     (20.0003 -7.96836e-05 0.861571)
0.0369673     (20.0003 -7.97056e-05 0.861964)
0.036985      (20.0003 -7.97285e-05 0.862356)
0.0370027     (20.0003 -7.97531e-05 0.862749)
0.0370203     (20.0003 -7.97745e-05 0.863141)
0.037038      (20.0003 -7.97906e-05 0.863533)
0.0370557     (20.0003 -7.98063e-05 0.863926)
0.0370734     (20.0003 -7.98224e-05 0.864318)
0.0370911     (20.0003 -7.98371e-05 0.86471)
0.0371088     (20.0003 -7.98501e-05 0.865102)
0.0371264     (20.0003 -7.98707e-05 0.865494)
0.0371441     (20.0003 -7.9892e-05 0.865886)
0.0371618     (20.0003 -7.99103e-05 0.866278)
0.0371795     (20.0003 -7.99321e-05 0.86667)
0.0371972     (20.0003 -7.9973e-05 0.867062)
0.0372149     (20.0003 -7.99962e-05 0.867454)
0.0372325     (20.0003 -8.00105e-05 0.867846)
0.0372502     (20.0003 -8.00231e-05 0.868238)
0.0372679     (20.0003 -8.00359e-05 0.868629)
0.0372856     (20.0003 -8.00491e-05 0.869021)
0.0373033     (20.0003 -8.00614e-05 0.869413)
0.037321      (20.0003 -8.00723e-05 0.869804)
0.0373386     (20.0003 -8.00807e-05 0.870196)
0.0373563     (20.0003 -8.00896e-05 0.870587)
0.037374      (20.0003 -8.00986e-05 0.870979)
0.0373917     (20.0003 -8.0111e-05 0.87137)
0.0374094     (20.0003 -8.01241e-05 0.871762)
0.0374271     (20.0003 -8.01375e-05 0.872153)
0.0374447     (20.0003 -8.01481e-05 0.872544)
0.0374624     (20.0003 -8.01569e-05 0.872936)
0.0374801     (20.0003 -8.01663e-05 0.873327)
0.0374978     (20.0003 -8.01749e-05 0.873718)
0.0375155     (20.0003 -8.01891e-05 0.874109)
0.0375332     (20.0003 -8.02036e-05 0.8745)
0.0375508     (20.0003 -8.02187e-05 0.874891)
0.0375685     (20.0003 -8.02326e-05 0.875282)
0.0375862     (20.0003 -8.0247e-05 0.875673)
0.0376039     (20.0003 -8.02584e-05 0.876064)
0.0376216     (20.0003 -8.02652e-05 0.876455)
0.0376393     (20.0003 -8.02732e-05 0.876846)
0.0376569     (20.0003 -8.02868e-05 0.877237)
0.0376746     (20.0003 -8.0303e-05 0.877627)
0.0376923     (20.0003 -8.03202e-05 0.878018)
0.03771       (20.0003 -8.03356e-05 0.878409)
0.0377277     (20.0003 -8.03514e-05 0.878799)
0.0377454     (20.0003 -8.03671e-05 0.87919)
0.037763      (20.0003 -8.03821e-05 0.879581)
0.0377807     (20.0003 -8.03972e-05 0.879971)
0.0377984     (20.0003 -8.04133e-05 0.880361)
0.0378161     (20.0003 -8.04304e-05 0.880752)
0.0378338     (20.0003 -8.04436e-05 0.881142)
0.0378515     (20.0003 -8.04579e-05 0.881532)
0.0378691     (20.0003 -8.04759e-05 0.881923)
0.0378868     (20.0003 -8.04893e-05 0.882313)
0.0379045     (20.0003 -8.04995e-05 0.882703)
0.0379222     (20.0003 -8.05098e-05 0.883093)
0.0379399     (20.0003 -8.05192e-05 0.883483)
0.0379576     (20.0003 -8.05285e-05 0.883873)
0.0379752     (20.0003 -8.05365e-05 0.884263)
0.0379929     (20.0003 -8.05533e-05 0.884653)
0.0380106     (20.0003 -8.05661e-05 0.885043)
0.0380283     (20.0003 -8.05777e-05 0.885433)
0.038046      (20.0003 -8.05899e-05 0.885823)
0.0380637     (20.0003 -8.06021e-05 0.886213)
0.0380813     (20.0003 -8.06149e-05 0.886603)
0.038099      (20.0003 -8.0628e-05 0.886992)
0.0381167     (20.0003 -8.06419e-05 0.887382)
0.0381344     (20.0003 -8.06502e-05 0.887772)
0.0381521     (20.0003 -8.06553e-05 0.888161)
0.0381698     (20.0003 -8.066e-05 0.888551)
0.0381874     (20.0003 -8.06685e-05 0.88894)
0.0382051     (20.0003 -8.06773e-05 0.889329)
0.0382228     (20.0003 -8.06878e-05 0.889719)
0.0382405     (20.0003 -8.07042e-05 0.890108)
0.0382582     (20.0003 -8.07089e-05 0.890498)
0.0382759     (20.0003 -8.07062e-05 0.890887)
0.0382935     (20.0003 -8.06972e-05 0.891276)
0.0383112     (20.0003 -8.07039e-05 0.891665)
0.0383289     (20.0003 -8.07124e-05 0.892054)
0.0383466     (20.0003 -8.07196e-05 0.892443)
0.0383643     (20.0003 -8.07247e-05 0.892832)
0.038382      (20.0003 -8.07223e-05 0.893221)
0.0383996     (20.0003 -8.07311e-05 0.89361)
0.0384173     (20.0003 -8.07441e-05 0.893999)
0.038435      (20.0003 -8.07573e-05 0.894388)
0.0384527     (20.0003 -8.07714e-05 0.894777)
0.0384704     (20.0003 -8.07829e-05 0.895166)
0.0384881     (20.0003 -8.07922e-05 0.895554)
0.0385057     (20.0003 -8.07993e-05 0.895943)
0.0385234     (20.0003 -8.08065e-05 0.896332)
0.0385411     (20.0003 -8.0818e-05 0.89672)
0.0385588     (20.0003 -8.08297e-05 0.897109)
0.0385765     (20.0003 -8.08441e-05 0.897497)
0.0385942     (20.0003 -8.08597e-05 0.897886)
0.0386118     (20.0003 -8.0875e-05 0.898274)
0.0386295     (20.0003 -8.08886e-05 0.898663)
0.0386472     (20.0003 -8.08987e-05 0.899051)
0.0386649     (20.0003 -8.09096e-05 0.899439)
0.0386826     (20.0003 -8.09208e-05 0.899827)
0.0387003     (20.0003 -8.093e-05 0.900216)
0.0387179     (20.0003 -8.09385e-05 0.900604)
0.0387356     (20.0003 -8.09469e-05 0.900992)
0.0387533     (20.0003 -8.0955e-05 0.90138)
0.038771      (20.0003 -8.09618e-05 0.901768)
0.0387887     (20.0003 -8.09697e-05 0.902156)
0.0388064     (20.0003 -8.09785e-05 0.902544)
0.038824      (20.0003 -8.09871e-05 0.902932)
0.0388417     (20.0003 -8.09954e-05 0.90332)
0.0388594     (20.0003 -8.10033e-05 0.903707)
0.0388771     (20.0003 -8.10123e-05 0.904095)
0.0388948     (20.0003 -8.10195e-05 0.904483)
0.0389125     (20.0003 -8.10243e-05 0.904871)
0.0389302     (20.0003 -8.10298e-05 0.905258)
0.0389478     (20.0003 -8.1036e-05 0.905646)
0.0389655     (20.0003 -8.10424e-05 0.906033)
0.0389832     (20.0003 -8.10487e-05 0.906421)
0.0390009     (20.0003 -8.10551e-05 0.906808)
0.0390186     (20.0003 -8.10624e-05 0.907196)
0.0390363     (20.0003 -8.10698e-05 0.907583)
0.0390539     (20.0003 -8.10722e-05 0.90797)
0.0390716     (20.0003 -8.10728e-05 0.908357)
0.0390893     (20.0003 -8.1076e-05 0.908745)
0.039107      (20.0003 -8.10769e-05 0.909132)
0.0391247     (20.0003 -8.10762e-05 0.909519)
0.0391424     (20.0003 -8.10752e-05 0.909906)
0.03916       (20.0003 -8.10738e-05 0.910293)
0.0391777     (20.0003 -8.10701e-05 0.91068)
0.0391954     (20.0003 -8.10668e-05 0.911067)
0.0392131     (20.0003 -8.10677e-05 0.911454)
0.0392308     (20.0003 -8.10671e-05 0.911841)
0.0392485     (20.0003 -8.10697e-05 0.912227)
0.0392661     (20.0003 -8.10761e-05 0.912614)
0.0392838     (20.0003 -8.10782e-05 0.913001)
0.0393015     (20.0003 -8.10785e-05 0.913388)
0.0393192     (20.0003 -8.10793e-05 0.913774)
0.0393369     (20.0003 -8.10807e-05 0.914161)
0.0393546     (20.0003 -8.10815e-05 0.914547)
0.0393722     (20.0003 -8.10828e-05 0.914934)
0.0393899     (20.0003 -8.10814e-05 0.91532)
0.0394076     (20.0003 -8.10817e-05 0.915707)
0.0394253     (20.0003 -8.10788e-05 0.916093)
0.039443      (20.0003 -8.10683e-05 0.916479)
0.0394607     (20.0003 -8.10572e-05 0.916866)
0.0394783     (20.0003 -8.10442e-05 0.917252)
0.039496      (20.0003 -8.10265e-05 0.917638)
0.0395137     (20.0003 -8.10056e-05 0.918024)
0.0395314     (20.0003 -8.0984e-05 0.91841)
0.0395491     (20.0003 -8.09617e-05 0.918796)
0.0395668     (20.0003 -8.09438e-05 0.919182)
0.0395844     (20.0003 -8.09289e-05 0.919568)
0.0396021     (20.0003 -8.09075e-05 0.919954)
0.0396198     (20.0003 -8.08868e-05 0.92034)
0.0396375     (20.0003 -8.08665e-05 0.920726)
0.0396552     (20.0003 -8.08461e-05 0.921112)
0.0396729     (20.0003 -8.08253e-05 0.921497)
0.0396905     (20.0003 -8.08045e-05 0.921883)
0.0397082     (20.0003 -8.0783e-05 0.922269)
0.0397259     (20.0003 -8.07613e-05 0.922654)
0.0397436     (20.0003 -8.07364e-05 0.92304)
0.0397613     (20.0003 -8.07128e-05 0.923425)
0.039779      (20.0003 -8.06882e-05 0.923811)
0.0397966     (20.0003 -8.06635e-05 0.924196)
0.0398143     (20.0003 -8.06393e-05 0.924582)
0.039832      (20.0003 -8.06184e-05 0.924967)
0.0398497     (20.0003 -8.06026e-05 0.925352)
0.0398674     (20.0003 -8.05752e-05 0.925737)
0.0398851     (20.0003 -8.05457e-05 0.926122)
0.0399027     (20.0003 -8.05159e-05 0.926508)
0.0399204     (20.0003 -8.0486e-05 0.926893)
0.0399381     (20.0003 -8.04548e-05 0.927278)
0.0399558     (20.0003 -8.04234e-05 0.927663)
0.0399735     (20.0003 -8.03933e-05 0.928048)
0.0399912     (20.0003 -8.03654e-05 0.928433)
0.0400088     (20.0003 -8.03379e-05 0.928817)
0.0400265     (20.0003 -8.03097e-05 0.929202)
0.0400442     (20.0003 -8.02776e-05 0.929587)
0.0400619     (20.0003 -8.02453e-05 0.929972)
0.0400796     (20.0003 -8.02122e-05 0.930356)
0.0400973     (20.0003 -8.01799e-05 0.930741)
0.0401149     (20.0003 -8.01467e-05 0.931126)
0.0401326     (20.0003 -8.01156e-05 0.93151)
0.0401503     (20.0003 -8.00884e-05 0.931895)
0.040168      (20.0003 -8.00613e-05 0.932279)
0.0401857     (20.0003 -8.00331e-05 0.932664)
0.0402034     (20.0003 -8.00049e-05 0.933048)
0.040221      (20.0003 -7.99789e-05 0.933432)
0.0402387     (20.0003 -7.99541e-05 0.933816)
0.0402564     (20.0003 -7.99304e-05 0.934201)
0.0402741     (20.0003 -7.99e-05 0.934585)
0.0402918     (20.0003 -7.98684e-05 0.934969)
0.0403095     (20.0003 -7.98359e-05 0.935353)
0.0403271     (20.0003 -7.98032e-05 0.935737)
0.0403448     (20.0003 -7.97707e-05 0.936121)
0.0403625     (20.0003 -7.97376e-05 0.936505)
0.0403802     (20.0003 -7.9704e-05 0.936889)
0.0403979     (20.0003 -7.96706e-05 0.937273)
0.0404156     (20.0003 -7.96344e-05 0.937657)
0.0404332     (20.0003 -7.9595e-05 0.93804)
0.0404509     (20.0003 -7.95551e-05 0.938424)
0.0404686     (20.0003 -7.95162e-05 0.938808)
0.0404863     (20.0003 -7.94792e-05 0.939191)
0.040504      (20.0003 -7.94422e-05 0.939575)
0.0405217     (20.0003 -7.94033e-05 0.939958)
0.0405393     (20.0003 -7.93653e-05 0.940342)
0.040557      (20.0003 -7.93316e-05 0.940725)
0.0405747     (20.0003 -7.93014e-05 0.941109)
0.0405924     (20.0003 -7.92678e-05 0.941492)
0.0406101     (20.0003 -7.92334e-05 0.941875)
0.0406278     (20.0003 -7.92001e-05 0.942259)
0.0406454     (20.0003 -7.9164e-05 0.942642)
0.0406631     (20.0003 -7.91257e-05 0.943025)
0.0406808     (20.0003 -7.90876e-05 0.943408)
0.0406985     (20.0003 -7.90485e-05 0.943791)
0.0407162     (20.0003 -7.9009e-05 0.944174)
0.0407339     (20.0003 -7.89698e-05 0.944557)
0.0407515     (20.0003 -7.89307e-05 0.94494)
0.0407692     (20.0003 -7.88931e-05 0.945323)
0.0407869     (20.0003 -7.88556e-05 0.945706)
0.0408046     (20.0003 -7.88158e-05 0.946089)
0.0408223     (20.0003 -7.87756e-05 0.946471)
0.04084       (20.0003 -7.87347e-05 0.946854)
0.0408576     (20.0003 -7.8696e-05 0.947237)
0.0408753     (20.0003 -7.86565e-05 0.947619)
0.040893      (20.0003 -7.86149e-05 0.948002)
0.0409107     (20.0003 -7.85712e-05 0.948384)
0.0409284     (20.0003 -7.85297e-05 0.948767)
0.0409461     (20.0003 -7.84891e-05 0.949149)
0.0409637     (20.0003 -7.84468e-05 0.949532)
0.0409814     (20.0003 -7.8401e-05 0.949914)
0.0409991     (20.0003 -7.83547e-05 0.950296)
0.0410168     (20.0003 -7.83112e-05 0.950679)
0.0410345     (20.0003 -7.82697e-05 0.951061)
0.0410522     (20.0003 -7.82293e-05 0.951443)
0.0410698     (20.0003 -7.8185e-05 0.951825)
0.0410875     (20.0003 -7.81398e-05 0.952207)
0.0411052     (20.0003 -7.80978e-05 0.952589)
0.0411229     (20.0003 -7.80548e-05 0.952971)
0.0411406     (20.0003 -7.80107e-05 0.953353)
0.0411583     (20.0003 -7.79663e-05 0.953735)
0.041176      (20.0003 -7.79215e-05 0.954117)
0.0411936     (20.0003 -7.78766e-05 0.954498)
0.0412113     (20.0003 -7.78317e-05 0.95488)
0.041229      (20.0003 -7.7786e-05 0.955262)
0.0412467     (20.0003 -7.77424e-05 0.955643)
0.0412644     (20.0003 -7.76993e-05 0.956025)
0.0412821     (20.0003 -7.76563e-05 0.956406)
0.0412997     (20.0003 -7.7613e-05 0.956788)
0.0413174     (20.0003 -7.75664e-05 0.957169)
0.0413351     (20.0003 -7.75192e-05 0.957551)
0.0413528     (20.0003 -7.74702e-05 0.957932)
0.0413705     (20.0003 -7.74245e-05 0.958313)
0.0413882     (20.0003 -7.7378e-05 0.958695)
0.0414058     (20.0003 -7.73335e-05 0.959076)
0.0414235     (20.0003 -7.72887e-05 0.959457)
0.0414412     (20.0003 -7.72469e-05 0.959838)
0.0414589     (20.0003 -7.72028e-05 0.960219)
0.0414766     (20.0003 -7.71608e-05 0.9606)
0.0414943     (20.0003 -7.71174e-05 0.960981)
0.0415119     (20.0003 -7.7066e-05 0.961362)
0.0415296     (20.0003 -7.70103e-05 0.961743)
0.0415473     (20.0003 -7.69656e-05 0.962124)
0.041565      (20.0003 -7.69228e-05 0.962504)
0.0415827     (20.0003 -7.68793e-05 0.962885)
0.0416004     (20.0003 -7.6835e-05 0.963266)
0.041618      (20.0003 -7.67902e-05 0.963647)
0.0416357     (20.0003 -7.67476e-05 0.964027)
0.0416534     (20.0003 -7.67037e-05 0.964408)
0.0416711     (20.0003 -7.66614e-05 0.964788)
0.0416888     (20.0003 -7.66181e-05 0.965169)
0.0417065     (20.0003 -7.65739e-05 0.965549)
0.0417241     (20.0003 -7.65289e-05 0.965929)
0.0417418     (20.0003 -7.64797e-05 0.96631)
0.0417595     (20.0003 -7.64298e-05 0.96669)
0.0417772     (20.0003 -7.63806e-05 0.96707)
0.0417949     (20.0003 -7.63323e-05 0.96745)
0.0418126     (20.0003 -7.62859e-05 0.96783)
0.0418302     (20.0003 -7.62389e-05 0.968211)
0.0418479     (20.0003 -7.6193e-05 0.968591)
0.0418656     (20.0003 -7.61489e-05 0.968971)
0.0418833     (20.0003 -7.61037e-05 0.96935)
0.041901      (20.0003 -7.60579e-05 0.96973)
0.0419187     (20.0003 -7.60161e-05 0.97011)
0.0419363     (20.0003 -7.59724e-05 0.97049)
0.041954      (20.0003 -7.59282e-05 0.97087)
0.0419717     (20.0003 -7.58849e-05 0.971249)
0.0419894     (20.0003 -7.58421e-05 0.971629)
0.0420071     (20.0003 -7.57993e-05 0.972009)
0.0420248     (20.0003 -7.57569e-05 0.972388)
0.0420424     (20.0003 -7.57152e-05 0.972768)
0.0420601     (20.0003 -7.56736e-05 0.973147)
0.0420778     (20.0003 -7.56327e-05 0.973527)
0.0420955     (20.0003 -7.55926e-05 0.973906)
0.0421132     (20.0003 -7.55514e-05 0.974285)
0.0421309     (20.0003 -7.55102e-05 0.974664)
0.0421485     (20.0003 -7.54683e-05 0.975044)
0.0421662     (20.0003 -7.54216e-05 0.975423)
0.0421839     (20.0003 -7.53744e-05 0.975802)
0.0422016     (20.0003 -7.53285e-05 0.976181)
0.0422193     (20.0003 -7.52807e-05 0.97656)
0.042237      (20.0003 -7.52319e-05 0.976939)
0.0422546     (20.0003 -7.51813e-05 0.977318)
0.0422723     (20.0003 -7.5131e-05 0.977697)
0.04229       (20.0003 -7.50821e-05 0.978076)
0.0423077     (20.0003 -7.5034e-05 0.978454)
0.0423254     (20.0003 -7.49862e-05 0.978833)
0.0423431     (20.0003 -7.49381e-05 0.979212)
0.0423607     (20.0003 -7.48911e-05 0.97959)
0.0423784     (20.0003 -7.48446e-05 0.979969)
0.0423961     (20.0003 -7.48035e-05 0.980348)
0.0424138     (20.0003 -7.47625e-05 0.980726)
0.0424315     (20.0003 -7.4721e-05 0.981105)
0.0424492     (20.0003 -7.46802e-05 0.981483)
0.0424668     (20.0003 -7.46392e-05 0.981861)
0.0424845     (20.0003 -7.45949e-05 0.98224)
0.0425022     (20.0003 -7.45496e-05 0.982618)
0.0425199     (20.0003 -7.45056e-05 0.982996)
0.0425376     (20.0003 -7.44634e-05 0.983374)
0.0425553     (20.0003 -7.44245e-05 0.983752)
0.0425729     (20.0003 -7.4385e-05 0.98413)
0.0425906     (20.0003 -7.43432e-05 0.984508)
0.0426083     (20.0003 -7.43012e-05 0.984886)
0.042626      (20.0003 -7.42612e-05 0.985264)
0.0426437     (20.0003 -7.42187e-05 0.985642)
0.0426614     (20.0003 -7.41763e-05 0.98602)
0.042679      (20.0003 -7.41303e-05 0.986398)
0.0426967     (20.0003 -7.4082e-05 0.986775)
0.0427144     (20.0003 -7.40337e-05 0.987153)
0.0427321     (20.0003 -7.3987e-05 0.987531)
0.0427498     (20.0003 -7.39428e-05 0.987908)
0.0427675     (20.0003 -7.38954e-05 0.988286)
0.0427851     (20.0003 -7.38465e-05 0.988663)
0.0428028     (20.0003 -7.37972e-05 0.989041)
0.0428205     (20.0003 -7.37473e-05 0.989418)
0.0428382     (20.0003 -7.36956e-05 0.989795)
0.0428559     (20.0003 -7.36437e-05 0.990173)
0.0428736     (20.0003 -7.35917e-05 0.99055)
0.0428912     (20.0003 -7.35406e-05 0.990927)
0.0429089     (20.0003 -7.34895e-05 0.991304)
0.0429266     (20.0003 -7.34371e-05 0.991681)
0.0429443     (20.0003 -7.33861e-05 0.992058)
0.042962      (20.0003 -7.33358e-05 0.992435)
0.0429797     (20.0003 -7.32853e-05 0.992812)
0.0429973     (20.0003 -7.32371e-05 0.993189)
0.043015      (20.0003 -7.31922e-05 0.993566)
0.0430327     (20.0003 -7.31463e-05 0.993943)
0.0430504     (20.0003 -7.3097e-05 0.99432)
0.0430681     (20.0003 -7.3046e-05 0.994696)
0.0430858     (20.0003 -7.29945e-05 0.995073)
0.0431034     (20.0003 -7.29431e-05 0.99545)
0.0431211     (20.0003 -7.28915e-05 0.995826)
0.0431388     (20.0003 -7.28413e-05 0.996203)
0.0431565     (20.0003 -7.27912e-05 0.996579)
0.0431742     (20.0003 -7.2743e-05 0.996955)
0.0431919     (20.0003 -7.26956e-05 0.997332)
0.0432095     (20.0003 -7.26493e-05 0.997708)
0.0432272     (20.0003 -7.25997e-05 0.998084)
0.0432449     (20.0003 -7.25499e-05 0.998461)
0.0432626     (20.0002 -7.25003e-05 0.998837)
0.0432803     (20.0002 -7.2449e-05 0.999213)
0.043298      (20.0002 -7.23959e-05 0.999589)
0.0433156     (20.0002 -7.23448e-05 0.999965)
0.0433333     (20.0002 -7.22947e-05 1.00034)
0.043351      (20.0002 -7.22434e-05 1.00072)
0.0433687     (20.0002 -7.21958e-05 1.00109)
0.0433864     (20.0002 -7.21513e-05 1.00147)
0.0434041     (20.0002 -7.2109e-05 1.00184)
0.0434218     (20.0002 -7.20682e-05 1.00222)
0.0434394     (20.0002 -7.20274e-05 1.0026)
0.0434571     (20.0002 -7.19874e-05 1.00297)
0.0434748     (20.0002 -7.19481e-05 1.00335)
0.0434925     (20.0002 -7.19096e-05 1.00372)
0.0435102     (20.0002 -7.18711e-05 1.0041)
0.0435279     (20.0002 -7.1833e-05 1.00447)
0.0435455     (20.0002 -7.1795e-05 1.00485)
0.0435632     (20.0002 -7.17581e-05 1.00522)
0.0435809     (20.0002 -7.17212e-05 1.0056)
0.0435986     (20.0002 -7.16831e-05 1.00597)
0.0436163     (20.0002 -7.1643e-05 1.00635)
0.043634      (20.0002 -7.16037e-05 1.00672)
0.0436516     (20.0002 -7.15642e-05 1.0071)
0.0436693     (20.0002 -7.1529e-05 1.00747)
0.043687      (20.0002 -7.14943e-05 1.00785)
0.0437047     (20.0002 -7.14619e-05 1.00822)
0.0437224     (20.0002 -7.14306e-05 1.0086)
0.0437401     (20.0002 -7.14e-05 1.00897)
0.0437577     (20.0002 -7.13716e-05 1.00935)
0.0437754     (20.0002 -7.13411e-05 1.00972)
0.0437931     (20.0002 -7.13096e-05 1.0101)
0.0438108     (20.0002 -7.12805e-05 1.01047)
0.0438285     (20.0002 -7.1252e-05 1.01085)
0.0438462     (20.0002 -7.12207e-05 1.01122)
0.0438638     (20.0002 -7.1189e-05 1.0116)
0.0438815     (20.0002 -7.11576e-05 1.01197)
0.0438992     (20.0002 -7.11254e-05 1.01235)
0.0439169     (20.0002 -7.10973e-05 1.01272)
0.0439346     (20.0002 -7.10704e-05 1.01309)
0.0439523     (20.0002 -7.10435e-05 1.01347)
0.0439699     (20.0002 -7.1018e-05 1.01384)
0.0439876     (20.0002 -7.09921e-05 1.01422)
0.0440053     (20.0002 -7.09676e-05 1.01459)
0.044023      (20.0002 -7.0942e-05 1.01496)
0.0440407     (20.0002 -7.0915e-05 1.01534)
0.0440584     (20.0002 -7.08848e-05 1.01571)
0.044076      (20.0002 -7.08543e-05 1.01609)
0.0440937     (20.0002 -7.08231e-05 1.01646)
0.0441114     (20.0002 -7.07928e-05 1.01683)
0.0441291     (20.0002 -7.07674e-05 1.01721)
0.0441468     (20.0002 -7.07413e-05 1.01758)
0.0441645     (20.0002 -7.07113e-05 1.01795)
0.0441821     (20.0002 -7.06906e-05 1.01833)
0.0441998     (20.0002 -7.06739e-05 1.0187)
0.0442175     (20.0002 -7.06576e-05 1.01908)
0.0442352     (20.0002 -7.06403e-05 1.01945)
0.0442529     (20.0002 -7.06199e-05 1.01982)
0.0442706     (20.0002 -7.05952e-05 1.0202)
0.0442882     (20.0002 -7.05702e-05 1.02057)
0.0443059     (20.0002 -7.05455e-05 1.02094)
0.0443236     (20.0002 -7.05213e-05 1.02132)
0.0443413     (20.0002 -7.04982e-05 1.02169)
0.044359      (20.0002 -7.04716e-05 1.02206)
0.0443767     (20.0002 -7.0443e-05 1.02243)
0.0443943     (20.0002 -7.04155e-05 1.02281)
0.044412      (20.0002 -7.03903e-05 1.02318)
0.0444297     (20.0002 -7.03654e-05 1.02355)
0.0444474     (20.0002 -7.03409e-05 1.02393)
0.0444651     (20.0002 -7.03169e-05 1.0243)
0.0444828     (20.0002 -7.02923e-05 1.02467)
0.0445004     (20.0002 -7.02666e-05 1.02504)
0.0445181     (20.0002 -7.02353e-05 1.02542)
0.0445358     (20.0002 -7.021e-05 1.02579)
0.0445535     (20.0002 -7.01869e-05 1.02616)
0.0445712     (20.0002 -7.01641e-05 1.02653)
0.0445889     (20.0002 -7.01373e-05 1.02691)
0.0446065     (20.0002 -7.01129e-05 1.02728)
0.0446242     (20.0002 -7.00915e-05 1.02765)
0.0446419     (20.0002 -7.0067e-05 1.02802)
0.0446596     (20.0002 -7.00366e-05 1.0284)
0.0446773     (20.0002 -7.00192e-05 1.02877)
0.044695      (20.0002 -7.0002e-05 1.02914)
0.0447126     (20.0002 -6.99884e-05 1.02951)
0.0447303     (20.0002 -6.99775e-05 1.02988)
0.044748      (20.0002 -6.99657e-05 1.03026)
0.0447657     (20.0002 -6.99539e-05 1.03063)
0.0447834     (20.0002 -6.99416e-05 1.031)
0.0448011     (20.0002 -6.99292e-05 1.03137)
0.0448187     (20.0002 -6.99168e-05 1.03174)
0.0448364     (20.0002 -6.99018e-05 1.03211)
0.0448541     (20.0002 -6.98896e-05 1.03249)
0.0448718     (20.0002 -6.98784e-05 1.03286)
0.0448895     (20.0002 -6.9866e-05 1.03323)
0.0449072     (20.0002 -6.98585e-05 1.0336)
0.0449248     (20.0002 -6.98558e-05 1.03397)
0.0449425     (20.0002 -6.98497e-05 1.03434)
0.0449602     (20.0002 -6.98395e-05 1.03472)
0.0449779     (20.0002 -6.98319e-05 1.03509)
0.0449956     (20.0002 -6.98248e-05 1.03546)
0.0450133     (20.0002 -6.98133e-05 1.03583)
0.0450309     (20.0002 -6.98017e-05 1.0362)
0.0450486     (20.0002 -6.97919e-05 1.03657)
0.0450663     (20.0002 -6.97841e-05 1.03694)
0.045084      (20.0002 -6.97779e-05 1.03731)
0.0451017     (20.0002 -6.97753e-05 1.03768)
0.0451194     (20.0002 -6.97714e-05 1.03805)
0.045137      (20.0002 -6.97646e-05 1.03843)
0.0451547     (20.0002 -6.97579e-05 1.0388)
0.0451724     (20.0002 -6.97553e-05 1.03917)
0.0451901     (20.0002 -6.97533e-05 1.03954)
0.0452078     (20.0002 -6.97527e-05 1.03991)
0.0452255     (20.0002 -6.97515e-05 1.04028)
0.0452431     (20.0002 -6.9748e-05 1.04065)
0.0452608     (20.0002 -6.97417e-05 1.04102)
0.0452785     (20.0002 -6.9735e-05 1.04139)
0.0452962     (20.0002 -6.97276e-05 1.04176)
0.0453139     (20.0002 -6.97202e-05 1.04213)
0.0453316     (20.0002 -6.9714e-05 1.0425)
0.0453492     (20.0002 -6.97099e-05 1.04287)
0.0453669     (20.0002 -6.97077e-05 1.04324)
0.0453846     (20.0002 -6.97039e-05 1.04361)
0.0454023     (20.0002 -6.97004e-05 1.04398)
0.04542       (20.0002 -6.9696e-05 1.04435)
0.0454377     (20.0002 -6.96916e-05 1.04472)
0.0454553     (20.0002 -6.96888e-05 1.04509)
0.045473      (20.0002 -6.9685e-05 1.04546)
0.0454907     (20.0002 -6.96747e-05 1.04583)
0.0455084     (20.0002 -6.96632e-05 1.0462)
0.0455261     (20.0002 -6.96334e-05 1.04657)
0.0455438     (20.0002 -6.96231e-05 1.04694)
0.0455615     (20.0002 -6.96226e-05 1.04731)
0.0455791     (20.0002 -6.96243e-05 1.04768)
0.0455968     (20.0002 -6.96291e-05 1.04805)
0.0456145     (20.0002 -6.96387e-05 1.04842)
0.0456322     (20.0002 -6.96606e-05 1.04879)
0.0456499     (20.0002 -6.97261e-05 1.04916)
0.0456676     (20.0002 -6.97153e-05 1.04953)
0.0456852     (20.0002 -6.97019e-05 1.0499)
0.0457029     (20.0002 -6.96859e-05 1.05027)
0.0457206     (20.0002 -6.96707e-05 1.05063)
0.0457383     (20.0002 -6.9657e-05 1.051)
0.045756      (20.0002 -6.96401e-05 1.05137)
0.0457737     (20.0002 -6.96171e-05 1.05174)
0.0457913     (20.0002 -6.9601e-05 1.05211)
0.045809      (20.0002 -6.95848e-05 1.05248)
0.0458267     (20.0002 -6.95671e-05 1.05285)
0.0458444     (20.0002 -6.95514e-05 1.05322)
0.0458621     (20.0002 -6.95382e-05 1.05359)
0.0458798     (20.0002 -6.95219e-05 1.05395)
0.0458974     (20.0002 -6.95053e-05 1.05432)
0.0459151     (20.0002 -6.94925e-05 1.05469)
0.0459328     (20.0002 -6.94809e-05 1.05506)
0.0459505     (20.0002 -6.9472e-05 1.05543)
0.0459682     (20.0002 -6.94601e-05 1.0558)
0.0459859     (20.0002 -6.9446e-05 1.05617)
0.0460035     (20.0002 -6.94316e-05 1.05653)
0.0460212     (20.0002 -6.94171e-05 1.0569)
0.0460389     (20.0002 -6.94023e-05 1.05727)
0.0460566     (20.0002 -6.93913e-05 1.05764)
0.0460743     (20.0002 -6.93824e-05 1.05801)
0.046092      (20.0002 -6.93756e-05 1.05837)
0.0461096     (20.0002 -6.9366e-05 1.05874)
0.0461273     (20.0002 -6.93556e-05 1.05911)
0.046145      (20.0002 -6.9343e-05 1.05948)
0.0461627     (20.0002 -6.93299e-05 1.05985)
0.0461804     (20.0002 -6.93161e-05 1.06021)
0.0461981     (20.0002 -6.9304e-05 1.06058)
0.0462157     (20.0002 -6.92925e-05 1.06095)
0.0462334     (20.0002 -6.92829e-05 1.06132)
0.0462511     (20.0002 -6.92761e-05 1.06168)
0.0462688     (20.0002 -6.92698e-05 1.06205)
0.0462865     (20.0002 -6.9264e-05 1.06242)
0.0463042     (20.0002 -6.92581e-05 1.06279)
0.0463218     (20.0002 -6.92521e-05 1.06315)
