Time        0            
2.64002e-06   (20 6.0432e-05 0.000105468)
6.44165e-06   (20 5.91988e-05 0.000105292)
1.19159e-05   (20 5.86551e-05 0.000105913)
1.9799e-05    (20 5.83643e-05 0.00010761)
3.07681e-05   (20 5.80765e-05 0.000111456)
4.49385e-05   (20 5.77081e-05 0.000118957)
6.1206e-05    (20 5.7289e-05 0.000131061)
7.76197e-05   (20 5.68802e-05 0.000147039)
9.41352e-05   (20 5.64863e-05 0.000166915)
0.000110723   (20 5.61084e-05 0.000190692)
0.000127362   (20 5.57503e-05 0.000218359)
0.000144039   (20 5.54171e-05 0.000249902)
0.000160749   (20 5.51137e-05 0.000285316)
0.000177488   (20 5.48446e-05 0.000324594)
0.00019425    (20 5.46046e-05 0.000367735)
0.000211034   (20 5.43911e-05 0.00041474)
0.000227836   (20 5.42036e-05 0.000465602)
0.000244655   (20 5.40428e-05 0.000520308)
0.00026149    (20 5.39077e-05 0.000578841)
0.000278337   (20 5.37988e-05 0.000641189)
0.000295196   (20 5.37166e-05 0.000707336)
0.000312068   (20 5.366e-05 0.000777275)
0.00032895    (20 5.36292e-05 0.000850982)
0.000345843   (20 5.36239e-05 0.000928456)
0.000362746   (20 5.36437e-05 0.00100968)
0.00037966    (20 5.36896e-05 0.00109463)
0.000396583   (20 5.37606e-05 0.0011833)
0.000413516   (20 5.38573e-05 0.00127567)
0.000430459   (20 5.39805e-05 0.00137173)
0.000447411   (20 5.413e-05 0.00147147)
0.000464371   (20 5.43046e-05 0.00157485)
0.00048134    (20 5.4505e-05 0.00168189)
0.000498318   (20 5.47308e-05 0.00179255)
0.000515304   (20 5.49822e-05 0.00190683)
0.000532297   (20 5.52579e-05 0.0020247)
0.000549296   (20 5.55563e-05 0.00214613)
0.000566302   (20 5.58766e-05 0.00227112)
0.000583317   (20 5.62193e-05 0.00239967)
0.00060034    (20 5.65837e-05 0.00253175)
0.000617371   (20 5.6969e-05 0.00266735)
0.000634411   (20 5.73741e-05 0.00280647)
0.000651459   (20 5.77974e-05 0.00294907)
0.000668515   (20 5.82386e-05 0.00309515)
0.000685579   (20 5.86978e-05 0.00324468)
0.000702652   (20 5.9175e-05 0.00339766)
0.000719733   (20 5.96702e-05 0.00355406)
0.000736822   (20 6.01827e-05 0.00371388)
0.00075392    (20.0001 6.07126e-05 0.00387708)
0.000771026   (20.0001 6.12607e-05 0.00404368)
0.000788139   (20.0001 6.18275e-05 0.00421363)
0.000805262   (20.0001 6.24128e-05 0.00438694)
0.000822393   (20.0001 6.30175e-05 0.00456359)
0.000839532   (20.0001 6.36398e-05 0.00474355)
0.00085668    (20.0001 6.42783e-05 0.00492682)
0.000873836   (20.0001 6.4933e-05 0.00511338)
0.000891001   (20.0001 6.56045e-05 0.0053032)
0.000908174   (20.0001 6.62922e-05 0.00549628)
0.000925356   (20.0001 6.69947e-05 0.0056926)
0.000942546   (20.0001 6.77127e-05 0.00589215)
0.000959746   (20.0001 6.84459e-05 0.00609492)
0.000976954   (20.0001 6.91964e-05 0.00630088)
0.00099417    (20.0001 6.99617e-05 0.00651001)
0.0010114     (20.0001 7.07398e-05 0.00672231)
0.00102863    (20.0001 7.15303e-05 0.00693776)
0.00104587    (20.0001 7.23336e-05 0.00715635)
0.00106312    (20.0001 7.31498e-05 0.00737806)
0.00108039    (20.0001 7.39775e-05 0.00760287)
0.00109765    (20.0001 7.48159e-05 0.00783075)
0.00111493    (20.0001 7.5665e-05 0.00806169)
0.00113222    (20.0001 7.65244e-05 0.00829569)
0.00114952    (20.0001 7.73931e-05 0.00853273)
0.00116682    (20.0001 7.82717e-05 0.0087728)
0.00118413    (20.0001 7.91595e-05 0.00901589)
0.00120146    (20.0001 8.00561e-05 0.00926195)
0.00121879    (20.0002 8.0966e-05 0.00951098)
0.00123613    (20.0002 8.18852e-05 0.00976296)
0.00125347    (20.0002 8.28127e-05 0.0100179)
0.00127083    (20.0002 8.37484e-05 0.0102757)
0.0012882     (20.0002 8.4692e-05 0.0105364)
0.00130557    (20.0002 8.56433e-05 0.0108001)
0.00132295    (20.0002 8.66029e-05 0.0110665)
0.00134034    (20.0002 8.75699e-05 0.0113358)
0.00135774    (20.0002 8.85437e-05 0.011608)
0.00137514    (20.0002 8.95227e-05 0.011883)
0.00139256    (20.0002 9.05073e-05 0.0121607)
0.00140998    (20.0002 9.14935e-05 0.0124412)
0.00142741    (20.0002 9.24846e-05 0.0127245)
0.00144485    (20.0002 9.34822e-05 0.0130106)
0.00146229    (20.0002 9.44849e-05 0.0132993)
0.00147974    (20.0002 9.54917e-05 0.0135907)
0.0014972     (20.0002 9.65027e-05 0.0138848)
0.00151467    (20.0002 9.75177e-05 0.0141816)
0.00153214    (20.0002 9.85366e-05 0.014481)
0.00154962    (20.0002 9.9558e-05 0.014783)
0.00156711    (20.0002 0.000100582 0.0150877)
0.0015846     (20.0002 0.000101608 0.0153949)
0.0016021     (20.0002 0.000102636 0.0157047)
0.00161961    (20.0002 0.000103667 0.016017)
0.00163713    (20.0003 0.000104699 0.0163319)
0.00165465    (20.0003 0.000105733 0.0166492)
0.00167217    (20.0003 0.000106767 0.0169691)
0.00168971    (20.0003 0.000107803 0.0172914)
0.00170725    (20.0003 0.000108839 0.0176161)
0.00172479    (20.0003 0.000109875 0.0179433)
0.00174234    (20.0003 0.00011091 0.0182729)
0.0017599     (20.0003 0.000111945 0.0186049)
0.00177746    (20.0003 0.000112979 0.0189392)
0.00179503    (20.0003 0.000114012 0.0192759)
0.0018126     (20.0003 0.000115044 0.0196149)
0.00183018    (20.0003 0.000116076 0.0199562)
0.00184776    (20.0003 0.000117111 0.0202998)
0.00186534    (20.0003 0.000118145 0.0206457)
0.00188294    (20.0003 0.000119176 0.0209938)
0.00190053    (20.0003 0.000120203 0.0213441)
0.00191813    (20.0003 0.000121224 0.0216966)
0.00193573    (20.0003 0.000122239 0.0220512)
0.00195334    (20.0003 0.000123247 0.0224079)
0.00197095    (20.0003 0.000124249 0.0227667)
0.00198857    (20.0003 0.000125244 0.0231276)
0.00200618    (20.0003 0.000126232 0.0234904)
0.0020238     (20.0003 0.000127212 0.0238553)
0.00204143    (20.0003 0.000128185 0.0242221)
0.00205905    (20.0004 0.000129149 0.0245909)
0.00207668    (20.0004 0.000130102 0.0249617)
0.00209431    (20.0004 0.000131041 0.0253344)
0.00211195    (20.0004 0.000131966 0.025709)
0.00212958    (20.0004 0.000132876 0.0260854)
0.00214722    (20.0004 0.000133772 0.0264638)
0.00216486    (20.0004 0.000134656 0.0268439)
0.0021825     (20.0004 0.000135528 0.0272259)
0.00220014    (20.0004 0.000136388 0.0276096)
0.00221779    (20.0004 0.000137233 0.027995)
0.00223544    (20.0004 0.000138062 0.0283821)
0.00225309    (20.0004 0.000138875 0.0287709)
0.00227074    (20.0004 0.000139673 0.0291613)
0.00228839    (20.0004 0.000140454 0.0295534)
0.00230604    (20.0004 0.00014122 0.0299471)
0.0023237     (20.0004 0.000141969 0.0303424)
0.00234135    (20.0004 0.000142702 0.0307393)
0.00235901    (20.0004 0.000143414 0.0311377)
0.00237667    (20.0004 0.000144108 0.0315377)
0.00239433    (20.0004 0.000144781 0.0319392)
0.00241199    (20.0004 0.000145431 0.0323423)
0.00242965    (20.0004 0.000146061 0.0327468)
0.00244731    (20.0004 0.000146673 0.0331527)
0.00246497    (20.0004 0.000147266 0.0335602)
0.00248264    (20.0005 0.000147839 0.033969)
0.0025003     (20.0005 0.000148394 0.0343793)
0.00251797    (20.0005 0.000148933 0.0347911)
0.00253564    (20.0005 0.000149448 0.0352042)
0.0025533     (20.0005 0.000149943 0.0356185)
0.00257097    (20.0005 0.00015042 0.0360342)
0.00258864    (20.0005 0.00015088 0.036451)
0.00260631    (20.0005 0.000151321 0.0368691)
0.00262399    (20.0005 0.000151752 0.0372884)
0.00264166    (20.0005 0.000152174 0.0377089)
0.00265934    (20.0005 0.00015259 0.0381305)
0.00267701    (20.0005 0.000152998 0.0385533)
0.00269469    (20.0005 0.000153398 0.0389772)
0.00271237    (20.0005 0.000153792 0.0394023)
0.00273005    (20.0005 0.000154179 0.0398284)
0.00274773    (20.0005 0.000154559 0.0402557)
0.00276541    (20.0005 0.00015493 0.040684)
0.00278309    (20.0005 0.00015529 0.0411134)
0.00280078    (20.0005 0.000155639 0.0415438)
0.00281846    (20.0005 0.000155978 0.0419753)
0.00283615    (20.0005 0.000156307 0.0424078)
0.00285384    (20.0005 0.000156625 0.0428413)
0.00287153    (20.0005 0.000156931 0.0432758)
0.00288922    (20.0005 0.000157232 0.0437113)
0.00290692    (20.0005 0.000157525 0.0441477)
0.00292461    (20.0005 0.000157807 0.0445851)
0.00294231    (20.0005 0.000158079 0.0450233)
0.00296001    (20.0005 0.000158339 0.0454625)
0.00297771    (20.0005 0.000158591 0.0459026)
0.00299541    (20.0006 0.000158837 0.0463435)
0.00301311    (20.0006 0.000159085 0.0467853)
0.00303081    (20.0006 0.000159402 0.0472281)
0.00304852    (20.0006 0.000159586 0.0476715)
0.00306622    (20.0006 0.000159703 0.0481157)
0.00308393    (20.0006 0.000159802 0.0485608)
0.00310164    (20.0006 0.000159889 0.0490065)
0.00311935    (20.0006 0.000159962 0.0494531)
0.00313706    (20.0006 0.000160024 0.0499005)
0.00315477    (20.0006 0.000160072 0.0503486)
0.00317248    (20.0006 0.000160108 0.0507974)
0.0031902     (20.0006 0.000160133 0.0512469)
0.00320791    (20.0006 0.000160145 0.0516971)
0.00322563    (20.0006 0.000160138 0.0521481)
0.00324335    (20.0006 0.000160111 0.0525997)
0.00326106    (20.0006 0.000160064 0.0530519)
0.00327878    (20.0006 0.000160001 0.0535048)
0.0032965     (20.0006 0.000159924 0.0539583)
0.00331423    (20.0006 0.000159824 0.0544124)
0.00333195    (20.0006 0.000159698 0.0548672)
0.00334967    (20.0006 0.000159547 0.0553225)
0.00336739    (20.0006 0.00015937 0.0557784)
0.00338512    (20.0006 0.000159168 0.0562348)
0.00340284    (20.0006 0.000158942 0.0566918)
0.00342057    (20.0006 0.00015869 0.0571493)
0.00343829    (20.0006 0.000158407 0.0576074)
0.00345602    (20.0006 0.000158094 0.0580659)
0.00347375    (20.0006 0.000157748 0.0585249)
0.00349148    (20.0006 0.000157369 0.0589844)
0.0035092     (20.0006 0.000156955 0.0594443)
0.00352693    (20.0006 0.000156502 0.0599048)
0.00354466    (20.0006 0.000156004 0.0603656)
0.00356239    (20.0006 0.000155463 0.0608269)
0.00358012    (20.0006 0.000154877 0.0612886)
0.00359785    (20.0006 0.000154247 0.0617507)
0.00361558    (20.0006 0.000153573 0.0622133)
0.00363331    (20.0006 0.000152853 0.0626762)
0.00365104    (20.0006 0.00015209 0.0631395)
0.00366877    (20.0006 0.000151283 0.0636032)
0.00368651    (20.0006 0.000150433 0.0640672)
0.00370424    (20.0006 0.000149537 0.0645317)
0.00372197    (20.0006 0.000148598 0.0649964)
0.0037397     (20.0006 0.000147612 0.0654615)
0.00375744    (20.0006 0.000146576 0.065927)
0.00377517    (20.0006 0.000145491 0.0663928)
0.0037929     (20.0006 0.000144366 0.0668589)
0.00381064    (20.0007 0.000143203 0.0673253)
0.00382837    (20.0007 0.000142007 0.067792)
0.00384611    (20.0007 0.000140778 0.068259)
0.00386384    (20.0007 0.000139517 0.0687263)
0.00388158    (20.0007 0.000138224 0.0691939)
0.00389931    (20.0007 0.000136897 0.0696617)
0.00391705    (20.0007 0.000135537 0.0701297)
0.00393479    (20.0007 0.000134146 0.070598)
0.00395252    (20.0007 0.000132725 0.0710665)
0.00397026    (20.0007 0.000131269 0.0715353)
0.003988      (20.0007 0.000129779 0.0720042)
0.00400574    (20.0007 0.000128255 0.0724733)
0.00402348    (20.0007 0.000126694 0.0729427)
0.00404122    (20.0007 0.000125098 0.0734122)
0.00405895    (20.0007 0.000123472 0.0738818)
0.00407669    (20.0007 0.000121815 0.0743517)
0.00409443    (20.0007 0.00012013 0.0748217)
0.00411217    (20.0007 0.000118415 0.0752919)
0.00412992    (20.0007 0.000116671 0.0757622)
0.00414766    (20.0007 0.000114897 0.0762326)
0.0041654     (20.0007 0.000113096 0.0767032)
0.00418314    (20.0007 0.000111269 0.0771738)
0.00420088    (20.0007 0.00010942 0.0776446)
0.00421862    (20.0007 0.000107544 0.0781155)
0.00423637    (20.0007 0.000105643 0.0785865)
0.00425411    (20.0007 0.000103721 0.0790576)
0.00427186    (20.0007 0.000101779 0.0795287)
0.0042896     (20.0007 9.98172e-05 0.0799999)
0.00430734    (20.0007 9.78359e-05 0.0804712)
0.00432509    (20.0007 9.58366e-05 0.0809425)
0.00434283    (20.0007 9.38198e-05 0.0814139)
0.00436058    (20.0007 9.17869e-05 0.0818854)
0.00437833    (20.0007 8.97385e-05 0.0823568)
0.00439607    (20.0007 8.76755e-05 0.0828283)
0.00441382    (20.0007 8.5599e-05 0.0832999)
0.00443157    (20.0007 8.351e-05 0.0837714)
0.00444931    (20.0007 8.14087e-05 0.084243)
0.00446706    (20.0007 7.92918e-05 0.0847145)
0.00448481    (20.0007 7.71602e-05 0.085186)
0.00450256    (20.0007 7.50161e-05 0.0856574)
0.0045203     (20.0007 7.28601e-05 0.0861288)
0.00453805    (20.0007 7.06918e-05 0.0866001)
0.0045558     (20.0007 6.85141e-05 0.0870713)
0.00457355    (20.0007 6.63282e-05 0.0875424)
0.0045913     (20.0007 6.41346e-05 0.0880134)
0.00460905    (20.0007 6.19322e-05 0.0884843)
0.0046268     (20.0007 5.97219e-05 0.0889552)
0.00464455    (20.0007 5.75048e-05 0.089426)
0.0046623     (20.0007 5.52821e-05 0.0898966)
0.00468005    (20.0007 5.30537e-05 0.0903672)
0.0046978     (20.0007 5.08177e-05 0.0908376)
0.00471555    (20.0007 4.85762e-05 0.0913079)
0.0047333     (20.0007 4.63313e-05 0.0917781)
0.00475105    (20.0007 4.4085e-05 0.0922482)
0.0047688     (20.0007 4.18407e-05 0.0927182)
0.00478656    (20.0007 3.95957e-05 0.093188)
0.00480431    (20.0007 3.735e-05 0.0936577)
0.00482206    (20.0007 3.51043e-05 0.0941272)
0.00483981    (20.0007 3.28579e-05 0.0945963)
0.00485757    (20.0007 3.06109e-05 0.0950652)
0.00487532    (20.0007 2.83644e-05 0.0955338)
0.00489307    (20.0007 2.61195e-05 0.0960021)
0.00491082    (20.0007 2.38762e-05 0.0964702)
0.00492857    (20.0007 2.16355e-05 0.0969379)
0.00494633    (20.0007 1.93977e-05 0.0974054)
0.00496408    (20.0007 1.71633e-05 0.0978726)
0.00498183    (20.0007 1.49332e-05 0.0983395)
0.00499958    (20.0007 1.27077e-05 0.0988061)
0.00501734    (20.0007 1.04882e-05 0.0992725)
0.00503509    (20.0007 8.2762e-06 0.0997386)
0.00505284    (20.0007 6.07058e-06 0.100204)
0.0050706     (20.0007 3.86973e-06 0.10067)
0.00508835    (20.0007 1.6775e-06 0.101135)
0.00510611    (20.0007 -5.06277e-07 0.1016)
0.00512386    (20.0007 -2.6827e-06 0.102065)
0.00514161    (20.0007 -4.84579e-06 0.102529)
0.00515937    (20.0007 -7.00207e-06 0.102994)
0.00517712    (20.0007 -9.14915e-06 0.103457)
0.00519487    (20.0007 -1.12843e-05 0.103921)
0.00521263    (20.0007 -1.34e-05 0.104384)
0.00523038    (20.0007 -1.54909e-05 0.104846)
0.00524814    (20.0007 -1.75514e-05 0.105307)
0.00526589    (20.0007 -1.95599e-05 0.105768)
0.00528364    (20.0007 -2.14758e-05 0.106228)
0.0053014     (20.0007 -2.35686e-05 0.106687)
0.00531915    (20.0007 -2.56829e-05 0.107146)
0.0053369     (20.0007 -2.77825e-05 0.107604)
0.00535466    (20.0007 -2.98666e-05 0.108061)
0.00537241    (20.0007 -3.19335e-05 0.108517)
0.00539017    (20.0007 -3.39829e-05 0.108973)
0.00540792    (20.0007 -3.6017e-05 0.109428)
0.00542568    (20.0007 -3.80285e-05 0.109883)
0.00544344    (20.0007 -4.00204e-05 0.110337)
0.00546119    (20.0007 -4.19947e-05 0.11079)
0.00547895    (20.0006 -4.3953e-05 0.111243)
0.0054967     (20.0006 -4.589e-05 0.111695)
0.00551446    (20.0006 -4.78074e-05 0.112147)
0.00553221    (20.0006 -4.9708e-05 0.112598)
0.00554997    (20.0006 -5.15926e-05 0.113048)
0.00556772    (20.0006 -5.34606e-05 0.113498)
0.00558548    (20.0006 -5.53104e-05 0.113948)
0.00560323    (20.0006 -5.71408e-05 0.114397)
0.00562099    (20.0006 -5.89523e-05 0.114845)
0.00563875    (20.0006 -6.07457e-05 0.115293)
0.0056565     (20.0006 -6.25208e-05 0.115741)
0.00567426    (20.0006 -6.42759e-05 0.116188)
0.00569201    (20.0006 -6.60093e-05 0.116634)
0.00570977    (20.0006 -6.77257e-05 0.117081)
0.00572752    (20.0006 -6.94297e-05 0.117526)
0.00574528    (20.0006 -7.1116e-05 0.117972)
0.00576303    (20.0006 -7.27829e-05 0.118416)
0.00578079    (20.0006 -7.44306e-05 0.118861)
0.00579854    (20.0006 -7.60602e-05 0.119305)
0.0058163     (20.0006 -7.76701e-05 0.119749)
0.00583405    (20.0006 -7.92602e-05 0.120192)
0.00585181    (20.0006 -8.08308e-05 0.120635)
0.00586956    (20.0006 -8.23802e-05 0.121077)
0.00588731    (20.0006 -8.39094e-05 0.121519)
0.00590507    (20.0006 -8.54188e-05 0.121961)
0.00592282    (20.0006 -8.69073e-05 0.122402)
0.00594057    (20.0006 -8.83744e-05 0.122843)
0.00595833    (20.0006 -8.98178e-05 0.123284)
0.00597608    (20.0006 -9.12364e-05 0.123725)
0.00599384    (20.0006 -9.26322e-05 0.124165)
0.00601159    (20.0006 -9.40055e-05 0.124604)
0.00602934    (20.0006 -9.53578e-05 0.125044)
0.0060471     (20.0006 -9.66889e-05 0.125483)
0.00606485    (20.0006 -9.79975e-05 0.125922)
0.00608261    (20.0006 -9.92815e-05 0.126361)
0.00610036    (20.0006 -0.000100546 0.126799)
0.00611811    (20.0006 -0.000101789 0.127237)
0.00613586    (20.0006 -0.000103009 0.127675)
0.00615361    (20.0006 -0.000104207 0.128112)
0.00617137    (20.0006 -0.000105381 0.128549)
0.00618912    (20.0006 -0.000106533 0.128986)
0.00620687    (20.0006 -0.000107663 0.129423)
0.00622462    (20.0006 -0.000108767 0.12986)
0.00624237    (20.0006 -0.000109847 0.130296)
0.00626013    (20.0006 -0.000110902 0.130732)
0.00627788    (20.0006 -0.000111934 0.131168)
0.00629563    (20.0006 -0.000112942 0.131603)
0.00631338    (20.0006 -0.000113928 0.132039)
0.00633113    (20.0006 -0.00011489 0.132474)
0.00634888    (20.0006 -0.000115831 0.132909)
0.00636663    (20.0006 -0.000116755 0.133343)
0.00638438    (20.0006 -0.000117651 0.133778)
0.00640213    (20.0006 -0.000118514 0.134212)
0.00641988    (20.0006 -0.000119354 0.134646)
0.00643763    (20.0005 -0.000120171 0.13508)
0.00645538    (20.0005 -0.000120966 0.135514)
0.00647313    (20.0005 -0.000121739 0.135947)
0.00649089    (20.0005 -0.000122493 0.136381)
0.00650864    (20.0005 -0.000123227 0.136814)
0.00652639    (20.0005 -0.00012394 0.137247)
0.00654414    (20.0005 -0.000124632 0.13768)
0.00656188    (20.0005 -0.000125304 0.138112)
0.00657963    (20.0005 -0.000125955 0.138545)
0.00659738    (20.0005 -0.000126586 0.138977)
0.00661513    (20.0005 -0.000127196 0.139409)
0.00663288    (20.0005 -0.000127788 0.139841)
0.00665063    (20.0005 -0.000128361 0.140273)
0.00666838    (20.0005 -0.000128917 0.140704)
0.00668613    (20.0005 -0.000129453 0.141136)
0.00670387    (20.0005 -0.000129969 0.141567)
0.00672162    (20.0005 -0.000130468 0.141999)
0.00673937    (20.0005 -0.000130949 0.14243)
0.00675712    (20.0005 -0.000131412 0.142861)
0.00677487    (20.0005 -0.000131858 0.143291)
0.00679262    (20.0005 -0.000132288 0.143722)
0.00681036    (20.0005 -0.0001327 0.144152)
0.00682811    (20.0005 -0.000133096 0.144583)
0.00684586    (20.0005 -0.000133477 0.145013)
0.0068636     (20.0005 -0.000133839 0.145443)
0.00688135    (20.0005 -0.000134185 0.145873)
0.0068991     (20.0005 -0.000134515 0.146303)
0.00691684    (20.0005 -0.000134828 0.146733)
0.00693459    (20.0005 -0.000135125 0.147163)
0.00695234    (20.0005 -0.000135405 0.147592)
0.00697009    (20.0005 -0.000135668 0.148022)
0.00698783    (20.0005 -0.000135915 0.148451)
0.00700558    (20.0005 -0.000136146 0.14888)
0.00702332    (20.0005 -0.000136362 0.149309)
0.00704107    (20.0005 -0.000136561 0.149738)
0.00705881    (20.0005 -0.000136747 0.150167)
0.00707656    (20.0005 -0.00013692 0.150596)
0.0070943     (20.0005 -0.000137081 0.151024)
0.00711205    (20.0005 -0.00013723 0.151453)
0.0071298     (20.0005 -0.000137369 0.151882)
0.00714754    (20.0005 -0.000137501 0.15231)
0.00716529    (20.0005 -0.000137626 0.152738)
0.00718303    (20.0005 -0.000137741 0.153167)
0.00720078    (20.0005 -0.000137846 0.153595)
0.00721852    (20.0005 -0.000137943 0.154023)
0.00723626    (20.0005 -0.00013803 0.154451)
0.00725401    (20.0005 -0.000138107 0.154879)
0.00727175    (20.0005 -0.000138174 0.155306)
0.00728949    (20.0005 -0.000138233 0.155734)
0.00730724    (20.0005 -0.000138282 0.156162)
0.00732498    (20.0005 -0.000138319 0.156589)
0.00734272    (20.0005 -0.000138345 0.157017)
0.00736047    (20.0005 -0.000138353 0.157444)
0.00737821    (20.0005 -0.000138331 0.157872)
0.00739595    (20.0005 -0.000138274 0.158299)
0.0074137     (20.0005 -0.000138283 0.158726)
0.00743144    (20.0005 -0.000138293 0.159153)
0.00744918    (20.0005 -0.000138295 0.15958)
0.00746692    (20.0005 -0.000138287 0.160007)
0.00748466    (20.0005 -0.00013827 0.160434)
0.00750241    (20.0005 -0.000138243 0.160861)
0.00752015    (20.0004 -0.000138205 0.161287)
0.00753789    (20.0004 -0.000138152 0.161714)
0.00755563    (20.0004 -0.000138087 0.16214)
0.00757337    (20.0004 -0.000138009 0.162567)
0.00759111    (20.0004 -0.000137921 0.162993)
0.00760885    (20.0004 -0.000137822 0.16342)
0.00762659    (20.0004 -0.000137712 0.163846)
0.00764434    (20.0004 -0.000137589 0.164272)
0.00766208    (20.0004 -0.000137455 0.164698)
0.00767982    (20.0004 -0.000137308 0.165125)
0.00769756    (20.0004 -0.00013715 0.165551)
0.0077153     (20.0004 -0.000136978 0.165977)
0.00773304    (20.0004 -0.000136797 0.166403)
0.00775078    (20.0004 -0.000136606 0.166829)
0.00776852    (20.0004 -0.000136404 0.167255)
0.00778626    (20.0004 -0.000136206 0.16768)
0.00780399    (20.0004 -0.000135977 0.168106)
0.00782173    (20.0004 -0.000135731 0.168532)
0.00783947    (20.0004 -0.000135474 0.168957)
0.00785721    (20.0004 -0.000135207 0.169383)
0.00787495    (20.0004 -0.000134932 0.169808)
0.00789269    (20.0004 -0.00013465 0.170234)
0.00791042    (20.0004 -0.000134361 0.170659)
0.00792816    (20.0004 -0.000134062 0.171085)
0.0079459     (20.0004 -0.000133752 0.17151)
0.00796364    (20.0004 -0.000133433 0.171935)
0.00798138    (20.0004 -0.000133106 0.17236)
0.00799911    (20.0004 -0.000132771 0.172785)
0.00801685    (20.0004 -0.00013243 0.173211)
0.00803459    (20.0004 -0.00013208 0.173636)
0.00805232    (20.0004 -0.000131724 0.174061)
0.00807006    (20.0004 -0.000131361 0.174485)
0.0080878     (20.0004 -0.000130988 0.17491)
0.00810554    (20.0004 -0.000130609 0.175335)
0.00812327    (20.0004 -0.000130225 0.17576)
0.00814101    (20.0004 -0.000129835 0.176185)
0.00815875    (20.0004 -0.00012944 0.176609)
0.00817648    (20.0004 -0.000129039 0.177034)
0.00819422    (20.0004 -0.000128632 0.177459)
0.00821195    (20.0004 -0.000128221 0.177883)
0.00822969    (20.0004 -0.000127804 0.178308)
0.00824742    (20.0004 -0.000127383 0.178732)
0.00826516    (20.0004 -0.000126957 0.179157)
0.00828289    (20.0004 -0.000126526 0.179581)
0.00830063    (20.0004 -0.000126091 0.180005)
0.00831836    (20.0004 -0.000125651 0.18043)
0.0083361     (20.0004 -0.000125209 0.180854)
0.00835383    (20.0004 -0.000124764 0.181278)
0.00837157    (20.0004 -0.000124315 0.181702)
0.0083893     (20.0004 -0.000123861 0.182126)
0.00840703    (20.0004 -0.000123401 0.18255)
0.00842477    (20.0004 -0.000122936 0.182975)
0.0084425     (20.0004 -0.000122468 0.183399)
0.00846023    (20.0004 -0.000121996 0.183822)
0.00847797    (20.0004 -0.00012152 0.184246)
0.0084957     (20.0004 -0.000121041 0.18467)
0.00851343    (20.0004 -0.00012056 0.185094)
0.00853117    (20.0004 -0.000120078 0.185518)
0.0085489     (20.0004 -0.000119594 0.185942)
0.00856663    (20.0004 -0.00011911 0.186366)
0.00858436    (20.0004 -0.000118625 0.186789)
0.0086021     (20.0004 -0.000118138 0.187213)
0.00861983    (20.0004 -0.000117648 0.187636)
0.00863756    (20.0004 -0.000117156 0.18806)
0.00865529    (20.0004 -0.00011666 0.188484)
0.00867302    (20.0004 -0.000116163 0.188907)
0.00869076    (20.0004 -0.000115665 0.189331)
0.00870849    (20.0004 -0.000115166 0.189754)
0.00872622    (20.0004 -0.000114662 0.190178)
0.00874395    (20.0004 -0.000114157 0.190601)
0.00876169    (20.0004 -0.00011365 0.191025)
0.00877942    (20.0004 -0.000113141 0.191448)
0.00879715    (20.0004 -0.000112629 0.191871)
0.00881488    (20.0004 -0.000112116 0.192295)
0.00883261    (20.0004 -0.000111601 0.192718)
0.00885034    (20.0004 -0.000111083 0.193141)
0.00886808    (20.0004 -0.00011056 0.193564)
0.00888581    (20.0004 -0.000110035 0.193987)
0.00890354    (20.0004 -0.000109509 0.194411)
0.00892127    (20.0004 -0.000108981 0.194834)
0.008939      (20.0004 -0.000108451 0.195257)
0.00895673    (20.0004 -0.000107921 0.19568)
0.00897446    (20.0004 -0.000107388 0.196103)
0.0089922     (20.0004 -0.000106854 0.196526)
0.00900993    (20.0004 -0.000106322 0.196949)
0.00902766    (20.0004 -0.000105792 0.197372)
0.00904539    (20.0004 -0.000105262 0.197794)
0.00906312    (20.0004 -0.00010473 0.198217)
0.00908085    (20.0004 -0.000104195 0.19864)
0.00909858    (20.0004 -0.000103658 0.199063)
0.00911631    (20.0004 -0.000103121 0.199486)
0.00913404    (20.0004 -0.000102585 0.199908)
0.00915177    (20.0004 -0.00010205 0.200331)
0.0091695     (20.0004 -0.000101516 0.200754)
0.00918723    (20.0004 -0.000100983 0.201176)
0.00920495    (20.0004 -0.000100451 0.201599)
0.00922268    (20.0004 -9.99185e-05 0.202021)
0.00924041    (20.0004 -9.93892e-05 0.202444)
0.00925814    (20.0004 -9.88619e-05 0.202867)
0.00927587    (20.0004 -9.83364e-05 0.203289)
0.00929359    (20.0004 -9.78111e-05 0.203711)
0.00931132    (20.0004 -9.72865e-05 0.204134)
0.00932905    (20.0004 -9.67629e-05 0.204556)
0.00934677    (20.0004 -9.62403e-05 0.204978)
0.0093645     (20.0004 -9.57179e-05 0.205401)
0.00938223    (20.0004 -9.51984e-05 0.205823)
0.00939995    (20.0004 -9.46819e-05 0.206245)
0.00941768    (20.0004 -9.41659e-05 0.206668)
0.0094354     (20.0004 -9.36509e-05 0.20709)
0.00945313    (20.0004 -9.3139e-05 0.207512)
0.00947085    (20.0004 -9.26276e-05 0.207934)
0.00948858    (20.0004 -9.2117e-05 0.208356)
0.0095063     (20.0004 -9.16089e-05 0.208778)
0.00952403    (20.0004 -9.11022e-05 0.2092)
0.00954175    (20.0004 -9.05967e-05 0.209622)
0.00955948    (20.0004 -9.00924e-05 0.210044)
0.0095772     (20.0004 -8.95896e-05 0.210466)
0.00959493    (20.0004 -8.90886e-05 0.210888)
0.00961265    (20.0004 -8.85914e-05 0.21131)
0.00963037    (20.0004 -8.80981e-05 0.211732)
0.0096481     (20.0004 -8.76091e-05 0.212154)
0.00966582    (20.0004 -8.71236e-05 0.212575)
0.00968354    (20.0004 -8.66419e-05 0.212997)
0.00970127    (20.0004 -8.6164e-05 0.213419)
0.00971899    (20.0004 -8.5689e-05 0.213841)
0.00973671    (20.0004 -8.52181e-05 0.214262)
0.00975443    (20.0004 -8.47487e-05 0.214684)
0.00977216    (20.0004 -8.42804e-05 0.215106)
0.00978988    (20.0004 -8.3816e-05 0.215527)
0.0098076     (20.0004 -8.33557e-05 0.215949)
0.00982533    (20.0004 -8.28999e-05 0.216371)
0.00984305    (20.0004 -8.24482e-05 0.216792)
0.00986077    (20.0004 -8.20005e-05 0.217214)
0.00987849    (20.0004 -8.15561e-05 0.217635)
0.00989621    (20.0004 -8.11156e-05 0.218057)
0.00991393    (20.0004 -8.06819e-05 0.218478)
0.00993165    (20.0004 -8.02524e-05 0.218899)
0.00994937    (20.0004 -7.98266e-05 0.219321)
0.0099671     (20.0004 -7.94049e-05 0.219742)
0.00998482    (20.0004 -7.89872e-05 0.220163)
0.0100025     (20.0004 -7.85732e-05 0.220585)
0.0100203     (20.0004 -7.81623e-05 0.221006)
0.010038      (20.0004 -7.77526e-05 0.221427)
0.0100557     (20.0004 -7.7344e-05 0.221849)
0.0100734     (20.0004 -7.69396e-05 0.22227)
0.0100911     (20.0004 -7.65385e-05 0.222691)
0.0101089     (20.0004 -7.61418e-05 0.223112)
0.0101266     (20.0004 -7.57503e-05 0.223533)
0.0101443     (20.0004 -7.53598e-05 0.223954)
0.010162      (20.0004 -7.497e-05 0.224375)
0.0101797     (20.0004 -7.4581e-05 0.224796)
0.0101975     (20.0004 -7.41941e-05 0.225217)
0.0102152     (20.0004 -7.38141e-05 0.225638)
0.0102329     (20.0004 -7.34407e-05 0.226059)
0.0102506     (20.0004 -7.30719e-05 0.22648)
0.0102683     (20.0004 -7.27075e-05 0.226901)
0.0102861     (20.0004 -7.23459e-05 0.227322)
0.0103038     (20.0004 -7.19876e-05 0.227743)
0.0103215     (20.0004 -7.16331e-05 0.228164)
0.0103392     (20.0004 -7.12822e-05 0.228585)
0.0103569     (20.0004 -7.09344e-05 0.229005)
0.0103746     (20.0004 -7.05904e-05 0.229426)
0.0103924     (20.0004 -7.02522e-05 0.229847)
0.0104101     (20.0004 -6.99198e-05 0.230267)
0.0104278     (20.0004 -6.95924e-05 0.230688)
0.0104455     (20.0004 -6.92683e-05 0.231109)
0.0104632     (20.0004 -6.89484e-05 0.231529)
0.0104809     (20.0004 -6.86327e-05 0.23195)
0.0104987     (20.0004 -6.8321e-05 0.23237)
0.0105164     (20.0004 -6.80135e-05 0.232791)
0.0105341     (20.0004 -6.77105e-05 0.233211)
0.0105518     (20.0004 -6.74115e-05 0.233632)
0.0105695     (20.0004 -6.71147e-05 0.234052)
0.0105872     (20.0004 -6.68188e-05 0.234473)
0.010605      (20.0004 -6.65277e-05 0.234893)
0.0106227     (20.0004 -6.6241e-05 0.235313)
0.0106404     (20.0004 -6.59569e-05 0.235734)
0.0106581     (20.0004 -6.56775e-05 0.236154)
0.0106758     (20.0004 -6.54023e-05 0.236574)
0.0106935     (20.0004 -6.51318e-05 0.236995)
0.0107113     (20.0004 -6.48668e-05 0.237415)
0.010729      (20.0004 -6.46061e-05 0.237835)
0.0107467     (20.0004 -6.43495e-05 0.238255)
0.0107644     (20.0004 -6.40962e-05 0.238675)
0.0107821     (20.0004 -6.38468e-05 0.239095)
0.0107998     (20.0004 -6.35996e-05 0.239515)
0.0108175     (20.0004 -6.33541e-05 0.239935)
0.0108353     (20.0004 -6.31121e-05 0.240355)
0.010853      (20.0004 -6.28755e-05 0.240775)
0.0108707     (20.0004 -6.26477e-05 0.241195)
0.0108884     (20.0004 -6.24032e-05 0.241615)
0.0109061     (20.0004 -6.21488e-05 0.242035)
0.0109238     (20.0004 -6.18941e-05 0.242455)
0.0109415     (20.0004 -6.16416e-05 0.242875)
0.0109593     (20.0004 -6.13915e-05 0.243295)
0.010977      (20.0004 -6.11439e-05 0.243715)
0.0109947     (20.0004 -6.08997e-05 0.244134)
0.0110124     (20.0004 -6.06591e-05 0.244554)
0.0110301     (20.0004 -6.04236e-05 0.244974)
0.0110478     (20.0004 -6.01926e-05 0.245394)
0.0110655     (20.0004 -5.99643e-05 0.245813)
0.0110832     (20.0004 -5.97392e-05 0.246233)
0.011101      (20.0004 -5.95176e-05 0.246652)
0.0111187     (20.0004 -5.92986e-05 0.247072)
0.0111364     (20.0004 -5.9082e-05 0.247492)
0.0111541     (20.0004 -5.88694e-05 0.247911)
0.0111718     (20.0004 -5.866e-05 0.248331)
0.0111895     (20.0004 -5.84507e-05 0.24875)
0.0112072     (20.0004 -5.82451e-05 0.249169)
0.0112249     (20.0004 -5.80433e-05 0.249589)
0.0112427     (20.0004 -5.78435e-05 0.250008)
0.0112604     (20.0004 -5.76458e-05 0.250428)
0.0112781     (20.0004 -5.74512e-05 0.250847)
0.0112958     (20.0004 -5.72585e-05 0.251266)
0.0113135     (20.0004 -5.70682e-05 0.251685)
0.0113312     (20.0004 -5.68798e-05 0.252105)
0.0113489     (20.0004 -5.66947e-05 0.252524)
0.0113666     (20.0004 -5.65112e-05 0.252943)
0.0113843     (20.0004 -5.63278e-05 0.253362)
0.0114021     (20.0004 -5.61492e-05 0.253781)
0.0114198     (20.0004 -5.59729e-05 0.2542)
0.0114375     (20.0004 -5.57982e-05 0.25462)
0.0114552     (20.0004 -5.56256e-05 0.255039)
0.0114729     (20.0004 -5.54544e-05 0.255458)
0.0114906     (20.0004 -5.52826e-05 0.255877)
0.0115083     (20.0004 -5.51061e-05 0.256296)
0.011526      (20.0004 -5.48806e-05 0.256715)
0.0115437     (20.0004 -5.4717e-05 0.257134)
0.0115614     (20.0004 -5.45796e-05 0.257553)
0.0115792     (20.0004 -5.44476e-05 0.257972)
0.0115969     (20.0004 -5.43184e-05 0.25839)
0.0116146     (20.0004 -5.41924e-05 0.258809)
0.0116323     (20.0004 -5.40697e-05 0.259228)
0.01165       (20.0004 -5.39505e-05 0.259646)
0.0116677     (20.0004 -5.38327e-05 0.260065)
0.0116854     (20.0004 -5.37173e-05 0.260484)
0.0117031     (20.0004 -5.3604e-05 0.260902)
0.0117208     (20.0004 -5.34928e-05 0.261321)
0.0117385     (20.0004 -5.33856e-05 0.261739)
0.0117562     (20.0004 -5.32788e-05 0.262158)
0.011774      (20.0004 -5.31752e-05 0.262576)
0.0117917     (20.0004 -5.3075e-05 0.262995)
0.0118094     (20.0004 -5.29779e-05 0.263413)
0.0118271     (20.0004 -5.28854e-05 0.263832)
0.0118448     (20.0004 -5.2796e-05 0.26425)
0.0118625     (20.0004 -5.27085e-05 0.264668)
0.0118802     (20.0004 -5.26227e-05 0.265087)
0.0118979     (20.0004 -5.25394e-05 0.265505)
0.0119156     (20.0004 -5.24588e-05 0.265923)
0.0119333     (20.0004 -5.23804e-05 0.266342)
0.011951      (20.0004 -5.23058e-05 0.26676)
0.0119688     (20.0004 -5.22315e-05 0.267178)
0.0119865     (20.0004 -5.21588e-05 0.267596)
0.0120042     (20.0004 -5.20883e-05 0.268014)
0.0120219     (20.0004 -5.20177e-05 0.268432)
0.0120396     (20.0004 -5.19511e-05 0.268851)
0.0120573     (20.0004 -5.18888e-05 0.269269)
0.012075      (20.0004 -5.18291e-05 0.269687)
0.0120927     (20.0004 -5.17715e-05 0.270105)
0.0121104     (20.0004 -5.17173e-05 0.270523)
0.0121281     (20.0004 -5.16641e-05 0.270941)
0.0121458     (20.0004 -5.16101e-05 0.271359)
0.0121635     (20.0004 -5.15576e-05 0.271776)
0.0121812     (20.0004 -5.15072e-05 0.272194)
0.0121989     (20.0004 -5.14594e-05 0.272612)
0.0122167     (20.0004 -5.14141e-05 0.27303)
0.0122344     (20.0004 -5.13748e-05 0.273448)
0.0122521     (20.0004 -5.13362e-05 0.273866)
0.0122698     (20.0004 -5.12991e-05 0.274283)
0.0122875     (20.0004 -5.12641e-05 0.274701)
0.0123052     (20.0004 -5.12298e-05 0.275119)
0.0123229     (20.0004 -5.11968e-05 0.275536)
0.0123406     (20.0004 -5.11666e-05 0.275954)
0.0123583     (20.0004 -5.11394e-05 0.276372)
0.012376      (20.0004 -5.11145e-05 0.276789)
0.0123937     (20.0004 -5.10908e-05 0.277207)
0.0124114     (20.0004 -5.10679e-05 0.277624)
0.0124291     (20.0004 -5.10478e-05 0.278042)
0.0124468     (20.0004 -5.10306e-05 0.278459)
0.0124645     (20.0004 -5.10159e-05 0.278877)
0.0124822     (20.0004 -5.10025e-05 0.279294)
0.0125        (20.0004 -5.09905e-05 0.279711)
0.0125177     (20.0004 -5.09797e-05 0.280129)
0.0125354     (20.0004 -5.09704e-05 0.280546)
0.0125531     (20.0004 -5.09638e-05 0.280963)
0.0125708     (20.0004 -5.09592e-05 0.281381)
0.0125885     (20.0004 -5.09567e-05 0.281798)
0.0126062     (20.0004 -5.09536e-05 0.282215)
0.0126239     (20.0004 -5.09519e-05 0.282632)
0.0126416     (20.0004 -5.09514e-05 0.28305)
0.0126593     (20.0004 -5.09538e-05 0.283467)
0.012677      (20.0004 -5.09589e-05 0.283884)
0.0126947     (20.0004 -5.09647e-05 0.284301)
0.0127124     (20.0004 -5.09706e-05 0.284718)
0.0127301     (20.0004 -5.09735e-05 0.285135)
0.0127478     (20.0004 -5.09855e-05 0.285552)
0.0127655     (20.0004 -5.09985e-05 0.285969)
0.0127832     (20.0004 -5.10163e-05 0.286386)
0.0128009     (20.0004 -5.10365e-05 0.286803)
0.0128186     (20.0004 -5.10574e-05 0.28722)
0.0128363     (20.0004 -5.10821e-05 0.287637)
0.012854      (20.0004 -5.11078e-05 0.288054)
0.0128717     (20.0004 -5.11362e-05 0.28847)
0.0128895     (20.0004 -5.11642e-05 0.288887)
0.0129072     (20.0004 -5.11974e-05 0.289304)
0.0129249     (20.0004 -5.12341e-05 0.289721)
0.0129426     (20.0004 -5.12727e-05 0.290137)
0.0129603     (20.0004 -5.13128e-05 0.290554)
0.012978      (20.0004 -5.13548e-05 0.290971)
0.0129957     (20.0004 -5.13977e-05 0.291387)
0.0130134     (20.0004 -5.14421e-05 0.291804)
0.0130311     (20.0004 -5.14883e-05 0.29222)
0.0130488     (20.0004 -5.15359e-05 0.292637)
0.0130665     (20.0004 -5.15845e-05 0.293053)
0.0130842     (20.0004 -5.16356e-05 0.29347)
0.0131019     (20.0004 -5.1689e-05 0.293886)
0.0131196     (20.0004 -5.17439e-05 0.294303)
0.0131373     (20.0004 -5.18009e-05 0.294719)
0.013155      (20.0004 -5.18591e-05 0.295136)
0.0131727     (20.0004 -5.19193e-05 0.295552)
0.0131904     (20.0004 -5.19822e-05 0.295968)
0.0132081     (20.0004 -5.2046e-05 0.296384)
0.0132258     (20.0004 -5.21142e-05 0.296801)
0.0132435     (20.0004 -5.21852e-05 0.297217)
0.0132612     (20.0004 -5.22581e-05 0.297633)
0.0132789     (20.0004 -5.23336e-05 0.298049)
0.0132966     (20.0004 -5.24125e-05 0.298465)
0.0133143     (20.0004 -5.24945e-05 0.298881)
0.013332      (20.0004 -5.2581e-05 0.299297)
0.0133497     (20.0004 -5.26808e-05 0.299714)
0.0133674     (20.0004 -5.28038e-05 0.30013)
0.0133851     (20.0004 -5.28745e-05 0.300545)
0.0134028     (20.0004 -5.29406e-05 0.300961)
0.0134205     (20.0004 -5.30067e-05 0.301377)
0.0134382     (20.0004 -5.30741e-05 0.301793)
0.0134559     (20.0004 -5.31419e-05 0.302209)
0.0134736     (20.0004 -5.32087e-05 0.302625)
0.0134913     (20.0004 -5.32786e-05 0.303041)
0.013509      (20.0004 -5.33506e-05 0.303457)
0.0135267     (20.0004 -5.34241e-05 0.303872)
0.0135444     (20.0004 -5.34996e-05 0.304288)
0.0135621     (20.0004 -5.35768e-05 0.304704)
0.0135798     (20.0004 -5.36549e-05 0.305119)
0.0135976     (20.0004 -5.37332e-05 0.305535)
0.0136153     (20.0004 -5.38142e-05 0.305951)
0.013633      (20.0004 -5.38993e-05 0.306366)
0.0136507     (20.0004 -5.39874e-05 0.306782)
0.0136684     (20.0004 -5.40769e-05 0.307197)
0.0136861     (20.0004 -5.41671e-05 0.307613)
0.0137038     (20.0004 -5.42586e-05 0.308028)
0.0137215     (20.0004 -5.43515e-05 0.308444)
0.0137392     (20.0004 -5.44456e-05 0.308859)
0.0137569     (20.0004 -5.45408e-05 0.309274)
0.0137746     (20.0004 -5.46383e-05 0.30969)
0.0137923     (20.0004 -5.47387e-05 0.310105)
0.01381       (20.0004 -5.48411e-05 0.31052)
0.0138277     (20.0004 -5.49454e-05 0.310935)
0.0138454     (20.0004 -5.505e-05 0.311351)
0.0138631     (20.0004 -5.51549e-05 0.311766)
0.0138808     (20.0004 -5.52602e-05 0.312181)
0.0138985     (20.0004 -5.53665e-05 0.312596)
0.0139162     (20.0004 -5.54739e-05 0.313011)
0.0139339     (20.0004 -5.55823e-05 0.313426)
0.0139516     (20.0004 -5.5692e-05 0.313841)
0.0139693     (20.0004 -5.5803e-05 0.314256)
0.013987      (20.0004 -5.59153e-05 0.314671)
0.0140047     (20.0004 -5.60288e-05 0.315086)
0.0140224     (20.0004 -5.61435e-05 0.315501)
0.0140401     (20.0004 -5.62592e-05 0.315916)
0.0140577     (20.0004 -5.63755e-05 0.316331)
0.0140754     (20.0004 -5.64927e-05 0.316746)
0.0140931     (20.0004 -5.66106e-05 0.31716)
0.0141108     (20.0004 -5.67298e-05 0.317575)
0.0141285     (20.0004 -5.68514e-05 0.31799)
0.0141462     (20.0004 -5.69734e-05 0.318404)
0.0141639     (20.0004 -5.70954e-05 0.318819)
0.0141816     (20.0004 -5.72183e-05 0.319234)
0.0141993     (20.0004 -5.73443e-05 0.319648)
0.014217      (20.0004 -5.74681e-05 0.320063)
0.0142347     (20.0004 -5.75927e-05 0.320477)
0.0142524     (20.0004 -5.77175e-05 0.320892)
0.0142701     (20.0004 -5.78438e-05 0.321306)
0.0142878     (20.0004 -5.79722e-05 0.321721)
0.0143055     (20.0004 -5.81044e-05 0.322135)
0.0143232     (20.0004 -5.82323e-05 0.322549)
0.0143409     (20.0004 -5.83558e-05 0.322964)
0.0143586     (20.0004 -5.84792e-05 0.323378)
0.0143763     (20.0004 -5.86027e-05 0.323792)
0.014394      (20.0004 -5.87288e-05 0.324206)
0.0144117     (20.0004 -5.88563e-05 0.324621)
0.0144294     (20.0004 -5.89847e-05 0.325035)
0.0144471     (20.0004 -5.91153e-05 0.325449)
0.0144648     (20.0004 -5.92468e-05 0.325863)
0.0144825     (20.0004 -5.93788e-05 0.326277)
0.0145002     (20.0004 -5.95108e-05 0.326691)
0.0145179     (20.0004 -5.96429e-05 0.327105)
0.0145356     (20.0004 -5.97755e-05 0.327519)
0.0145533     (20.0004 -5.99089e-05 0.327933)
0.014571      (20.0004 -6.00419e-05 0.328347)
0.0145887     (20.0004 -6.01744e-05 0.328761)
0.0146064     (20.0004 -6.03073e-05 0.329175)
0.0146241     (20.0004 -6.04415e-05 0.329589)
0.0146418     (20.0004 -6.0576e-05 0.330003)
0.0146595     (20.0004 -6.07104e-05 0.330416)
0.0146772     (20.0004 -6.0847e-05 0.33083)
0.0146949     (20.0004 -6.09852e-05 0.331244)
0.0147126     (20.0004 -6.1124e-05 0.331658)
0.0147303     (20.0004 -6.12653e-05 0.332071)
0.014748      (20.0004 -6.14092e-05 0.332485)
0.0147657     (20.0004 -6.15491e-05 0.332898)
0.0147834     (20.0004 -6.1687e-05 0.333312)
0.0148011     (20.0004 -6.18258e-05 0.333725)
0.0148188     (20.0004 -6.19654e-05 0.334139)
0.0148364     (20.0004 -6.2103e-05 0.334552)
0.0148541     (20.0004 -6.22417e-05 0.334966)
0.0148718     (20.0004 -6.23811e-05 0.335379)
0.0148895     (20.0004 -6.25198e-05 0.335793)
0.0149072     (20.0004 -6.26602e-05 0.336206)
0.0149249     (20.0004 -6.28016e-05 0.336619)
0.0149426     (20.0004 -6.29435e-05 0.337033)
0.0149603     (20.0004 -6.30867e-05 0.337446)
0.014978      (20.0004 -6.32303e-05 0.337859)
0.0149957     (20.0004 -6.33739e-05 0.338272)
0.0150134     (20.0004 -6.35158e-05 0.338685)
0.0150311     (20.0004 -6.36579e-05 0.339099)
0.0150488     (20.0004 -6.38009e-05 0.339512)
0.0150665     (20.0004 -6.3943e-05 0.339925)
0.0150842     (20.0004 -6.40841e-05 0.340338)
0.0151019     (20.0004 -6.42261e-05 0.340751)
0.0151196     (20.0004 -6.43694e-05 0.341164)
0.0151373     (20.0004 -6.45135e-05 0.341577)
0.015155      (20.0004 -6.46578e-05 0.34199)
0.0151727     (20.0004 -6.48026e-05 0.342403)
0.0151904     (20.0004 -6.49483e-05 0.342815)
0.0152081     (20.0004 -6.5094e-05 0.343228)
0.0152258     (20.0004 -6.52402e-05 0.343641)
0.0152435     (20.0004 -6.53896e-05 0.344054)
0.0152612     (20.0004 -6.55397e-05 0.344466)
0.0152788     (20.0004 -6.56898e-05 0.344879)
0.0152965     (20.0004 -6.58427e-05 0.345292)
0.0153142     (20.0004 -6.60074e-05 0.345704)
0.0153319     (20.0004 -6.61503e-05 0.346117)
0.0153496     (20.0004 -6.62897e-05 0.34653)
0.0153673     (20.0004 -6.64319e-05 0.346942)
0.015385      (20.0004 -6.65741e-05 0.347355)
0.0154027     (20.0003 -6.6719e-05 0.347767)
0.0154204     (20.0003 -6.68644e-05 0.34818)
0.0154381     (20.0003 -6.70099e-05 0.348592)
0.0154558     (20.0003 -6.71541e-05 0.349004)
0.0154735     (20.0003 -6.72988e-05 0.349417)
0.0154912     (20.0003 -6.74434e-05 0.349829)
0.0155089     (20.0003 -6.75889e-05 0.350241)
0.0155266     (20.0003 -6.77333e-05 0.350654)
0.0155443     (20.0003 -6.78778e-05 0.351066)
0.015562      (20.0003 -6.80217e-05 0.351478)
0.0155797     (20.0003 -6.81661e-05 0.35189)
0.0155973     (20.0003 -6.83105e-05 0.352302)
0.015615      (20.0003 -6.84525e-05 0.352714)
0.0156327     (20.0003 -6.8595e-05 0.353127)
0.0156504     (20.0003 -6.87381e-05 0.353539)
0.0156681     (20.0003 -6.88856e-05 0.353951)
0.0156858     (20.0003 -6.90317e-05 0.354363)
0.0157035     (20.0003 -6.91711e-05 0.354775)
0.0157212     (20.0003 -6.93072e-05 0.355186)
0.0157389     (20.0003 -6.94444e-05 0.355598)
0.0157566     (20.0003 -6.9581e-05 0.35601)
0.0157743     (20.0003 -6.97183e-05 0.356422)
0.015792      (20.0003 -6.98562e-05 0.356834)
0.0158097     (20.0003 -6.9992e-05 0.357246)
0.0158274     (20.0003 -7.0126e-05 0.357657)
0.0158451     (20.0003 -7.02593e-05 0.358069)
0.0158628     (20.0003 -7.03915e-05 0.358481)
0.0158805     (20.0003 -7.0522e-05 0.358893)
0.0158982     (20.0003 -7.06506e-05 0.359304)
0.0159158     (20.0003 -7.07823e-05 0.359716)
0.0159335     (20.0003 -7.09111e-05 0.360127)
0.0159512     (20.0003 -7.10387e-05 0.360539)
0.0159689     (20.0003 -7.11665e-05 0.36095)
0.0159866     (20.0003 -7.12942e-05 0.361362)
0.0160043     (20.0003 -7.14199e-05 0.361773)
0.016022      (20.0003 -7.15456e-05 0.362185)
0.0160397     (20.0003 -7.16735e-05 0.362596)
0.0160574     (20.0003 -7.18012e-05 0.363007)
0.0160751     (20.0003 -7.19281e-05 0.363418)
0.0160928     (20.0003 -7.20555e-05 0.36383)
0.0161105     (20.0003 -7.21833e-05 0.364241)
0.0161282     (20.0003 -7.23113e-05 0.364652)
0.0161458     (20.0003 -7.24366e-05 0.365063)
0.0161635     (20.0003 -7.25616e-05 0.365474)
0.0161812     (20.0003 -7.26843e-05 0.365886)
0.0161989     (20.0003 -7.28063e-05 0.366297)
0.0162166     (20.0003 -7.29296e-05 0.366708)
0.0162343     (20.0003 -7.30513e-05 0.367119)
0.016252      (20.0003 -7.31695e-05 0.36753)
0.0162697     (20.0003 -7.32916e-05 0.367941)
0.0162874     (20.0003 -7.34127e-05 0.368352)
0.0163051     (20.0003 -7.35332e-05 0.368763)
0.0163228     (20.0003 -7.36525e-05 0.369173)
0.0163405     (20.0003 -7.37704e-05 0.369584)
0.0163582     (20.0003 -7.38881e-05 0.369995)
0.0163759     (20.0003 -7.40039e-05 0.370406)
0.0163935     (20.0003 -7.41179e-05 0.370817)
0.0164112     (20.0003 -7.42315e-05 0.371227)
0.0164289     (20.0003 -7.43472e-05 0.371638)
0.0164466     (20.0003 -7.44611e-05 0.372049)
0.0164643     (20.0003 -7.45739e-05 0.372459)
0.016482      (20.0003 -7.46855e-05 0.37287)
0.0164997     (20.0003 -7.47948e-05 0.37328)
0.0165174     (20.0003 -7.49024e-05 0.373691)
0.0165351     (20.0003 -7.50082e-05 0.374101)
0.0165528     (20.0003 -7.51124e-05 0.374512)
0.0165705     (20.0003 -7.52177e-05 0.374922)
0.0165882     (20.0003 -7.53198e-05 0.375333)
0.0166059     (20.0003 -7.54214e-05 0.375743)
0.0166235     (20.0003 -7.55229e-05 0.376153)
0.0166412     (20.0003 -7.56238e-05 0.376564)
0.0166589     (20.0003 -7.57229e-05 0.376974)
0.0166766     (20.0003 -7.58223e-05 0.377384)
0.0166943     (20.0003 -7.59234e-05 0.377794)
0.016712      (20.0003 -7.60223e-05 0.378205)
0.0167297     (20.0003 -7.6119e-05 0.378615)
0.0167474     (20.0003 -7.62139e-05 0.379025)
0.0167651     (20.0003 -7.6308e-05 0.379435)
0.0167828     (20.0003 -7.64009e-05 0.379845)
0.0168005     (20.0003 -7.64918e-05 0.380255)
0.0168182     (20.0003 -7.65801e-05 0.380665)
0.0168358     (20.0003 -7.66647e-05 0.381075)
0.0168535     (20.0003 -7.67421e-05 0.381485)
0.0168712     (20.0003 -7.68066e-05 0.381895)
0.0168889     (20.0003 -7.68937e-05 0.382304)
0.0169066     (20.0003 -7.69865e-05 0.382714)
0.0169243     (20.0003 -7.70793e-05 0.383124)
0.016942      (20.0003 -7.71712e-05 0.383534)
0.0169597     (20.0003 -7.72616e-05 0.383943)
0.0169774     (20.0003 -7.73512e-05 0.384353)
0.0169951     (20.0003 -7.74398e-05 0.384763)
0.0170127     (20.0003 -7.75267e-05 0.385172)
0.0170304     (20.0003 -7.76119e-05 0.385582)
0.0170481     (20.0003 -7.7696e-05 0.385992)
0.0170658     (20.0003 -7.77797e-05 0.386401)
0.0170835     (20.0003 -7.78638e-05 0.386811)
0.0171012     (20.0003 -7.79426e-05 0.38722)
0.0171189     (20.0003 -7.80195e-05 0.38763)
0.0171366     (20.0003 -7.80953e-05 0.388039)
0.0171543     (20.0003 -7.81702e-05 0.388448)
0.017172      (20.0003 -7.82453e-05 0.388858)
0.0171897     (20.0003 -7.83202e-05 0.389267)
0.0172073     (20.0003 -7.83944e-05 0.389676)
0.017225      (20.0003 -7.84676e-05 0.390085)
0.0172427     (20.0003 -7.85397e-05 0.390495)
0.0172604     (20.0003 -7.8612e-05 0.390904)
0.0172781     (20.0003 -7.86838e-05 0.391313)
0.0172958     (20.0003 -7.87576e-05 0.391722)
0.0173135     (20.0003 -7.88439e-05 0.392131)
0.0173312     (20.0003 -7.89047e-05 0.39254)
0.0173489     (20.0003 -7.89552e-05 0.392949)
0.0173666     (20.0003 -7.90037e-05 0.393358)
0.0173843     (20.0003 -7.90557e-05 0.393767)
0.0174019     (20.0003 -7.9106e-05 0.394176)
0.0174196     (20.0003 -7.91547e-05 0.394585)
0.0174373     (20.0003 -7.92029e-05 0.394994)
0.017455      (20.0003 -7.92513e-05 0.395403)
0.0174727     (20.0003 -7.92987e-05 0.395812)
0.0174904     (20.0003 -7.93475e-05 0.39622)
0.0175081     (20.0003 -7.93971e-05 0.396629)
0.0175258     (20.0003 -7.94454e-05 0.397038)
0.0175435     (20.0003 -7.94924e-05 0.397446)
0.0175612     (20.0003 -7.95385e-05 0.397855)
0.0175789     (20.0003 -7.95873e-05 0.398264)
0.0175965     (20.0003 -7.96353e-05 0.398672)
0.0176142     (20.0003 -7.96823e-05 0.399081)
0.0176319     (20.0003 -7.9729e-05 0.399489)
0.0176496     (20.0003 -7.97743e-05 0.399898)
0.0176673     (20.0003 -7.98192e-05 0.400306)
0.017685      (20.0003 -7.98652e-05 0.400714)
0.0177027     (20.0003 -7.99109e-05 0.401123)
0.0177204     (20.0003 -7.99559e-05 0.401531)
0.017738      (20.0003 -8.00002e-05 0.401939)
0.0177557     (20.0003 -8.00452e-05 0.402348)
0.0177734     (20.0003 -8.00908e-05 0.402756)
0.0177911     (20.0003 -8.0134e-05 0.403164)
0.0178088     (20.0003 -8.01751e-05 0.403572)
0.0178265     (20.0003 -8.02153e-05 0.40398)
0.0178442     (20.0003 -8.0254e-05 0.404388)
0.0178619     (20.0003 -8.02929e-05 0.404796)
0.0178796     (20.0003 -8.03352e-05 0.405204)
0.0178972     (20.0003 -8.03751e-05 0.405612)
0.0179149     (20.0003 -8.04128e-05 0.40602)
0.0179326     (20.0003 -8.04491e-05 0.406428)
0.0179503     (20.0003 -8.04843e-05 0.406836)
0.017968      (20.0003 -8.05184e-05 0.407244)
0.0179857     (20.0003 -8.05514e-05 0.407652)
0.0180034     (20.0003 -8.05821e-05 0.40806)
0.0180211     (20.0003 -8.06147e-05 0.408467)
0.0180388     (20.0003 -8.0647e-05 0.408875)
0.0180564     (20.0003 -8.06786e-05 0.409283)
0.0180741     (20.0003 -8.07084e-05 0.40969)
0.0180918     (20.0003 -8.07397e-05 0.410098)
0.0181095     (20.0003 -8.07708e-05 0.410506)
0.0181272     (20.0003 -8.08045e-05 0.410913)
0.0181449     (20.0003 -8.0836e-05 0.411321)
0.0181626     (20.0003 -8.08668e-05 0.411728)
0.0181803     (20.0003 -8.08957e-05 0.412136)
0.018198      (20.0003 -8.09219e-05 0.412543)
0.0182156     (20.0003 -8.09465e-05 0.412951)
0.0182333     (20.0003 -8.09706e-05 0.413358)
0.018251      (20.0003 -8.09941e-05 0.413765)
0.0182687     (20.0003 -8.10171e-05 0.414173)
0.0182864     (20.0003 -8.10403e-05 0.41458)
0.0183041     (20.0003 -8.10615e-05 0.414987)
0.0183218     (20.0003 -8.10827e-05 0.415394)
0.0183395     (20.0003 -8.11039e-05 0.415802)
0.0183572     (20.0003 -8.11237e-05 0.416209)
0.0183748     (20.0003 -8.11426e-05 0.416616)
0.0183925     (20.0003 -8.1161e-05 0.417023)
0.0184102     (20.0003 -8.11788e-05 0.41743)
0.0184279     (20.0003 -8.11965e-05 0.417837)
0.0184456     (20.0003 -8.12136e-05 0.418244)
0.0184633     (20.0003 -8.12282e-05 0.418651)
0.018481      (20.0003 -8.12427e-05 0.419058)
0.0184987     (20.0003 -8.12558e-05 0.419465)
0.0185164     (20.0003 -8.12658e-05 0.419872)
0.018534      (20.0003 -8.12811e-05 0.420278)
0.0185517     (20.0003 -8.12963e-05 0.420685)
0.0185694     (20.0003 -8.13118e-05 0.421092)
0.0185871     (20.0003 -8.1326e-05 0.421499)
0.0186048     (20.0003 -8.13392e-05 0.421905)
0.0186225     (20.0003 -8.13541e-05 0.422312)
0.0186402     (20.0003 -8.13683e-05 0.422718)
0.0186579     (20.0003 -8.13822e-05 0.423125)
0.0186756     (20.0003 -8.13931e-05 0.423531)
0.0186932     (20.0003 -8.14033e-05 0.423938)
0.0187109     (20.0003 -8.14137e-05 0.424344)
0.0187286     (20.0003 -8.14258e-05 0.424751)
0.0187463     (20.0003 -8.14382e-05 0.425157)
0.018764      (20.0003 -8.14504e-05 0.425563)
0.0187817     (20.0003 -8.14625e-05 0.42597)
0.0187994     (20.0003 -8.14745e-05 0.426376)
0.0188171     (20.0003 -8.14822e-05 0.426782)
0.0188347     (20.0003 -8.14903e-05 0.427188)
0.0188524     (20.0003 -8.15013e-05 0.427595)
0.0188701     (20.0003 -8.1509e-05 0.428001)
0.0188878     (20.0003 -8.15147e-05 0.428407)
0.0189055     (20.0003 -8.15194e-05 0.428813)
0.0189232     (20.0003 -8.15235e-05 0.429219)
0.0189409     (20.0003 -8.15279e-05 0.429625)
0.0189585     (20.0003 -8.15334e-05 0.430031)
0.0189762     (20.0003 -8.15376e-05 0.430437)
0.0189939     (20.0003 -8.15445e-05 0.430843)
0.0190116     (20.0003 -8.15507e-05 0.431248)
0.0190293     (20.0003 -8.15548e-05 0.431654)
0.019047      (20.0003 -8.15585e-05 0.43206)
0.0190647     (20.0003 -8.1562e-05 0.432466)
0.0190824     (20.0003 -8.15649e-05 0.432872)
0.0191        (20.0003 -8.15674e-05 0.433277)
0.0191177     (20.0003 -8.15656e-05 0.433683)
0.0191354     (20.0003 -8.15651e-05 0.434089)
0.0191531     (20.0003 -8.15648e-05 0.434494)
0.0191708     (20.0003 -8.15644e-05 0.4349)
0.0191885     (20.0003 -8.15646e-05 0.435305)
0.0192062     (20.0003 -8.15619e-05 0.435711)
0.0192238     (20.0003 -8.1562e-05 0.436116)
0.0192415     (20.0003 -8.1564e-05 0.436522)
0.0192592     (20.0003 -8.15652e-05 0.436927)
0.0192769     (20.0003 -8.1564e-05 0.437332)
0.0192946     (20.0003 -8.1561e-05 0.437738)
0.0193123     (20.0003 -8.15567e-05 0.438143)
0.01933       (20.0003 -8.15506e-05 0.438548)
0.0193477     (20.0003 -8.15439e-05 0.438953)
0.0193653     (20.0003 -8.15359e-05 0.439359)
0.019383      (20.0003 -8.15179e-05 0.439764)
0.0194007     (20.0003 -8.15099e-05 0.440169)
0.0194184     (20.0003 -8.1502e-05 0.440574)
0.0194361     (20.0003 -8.14942e-05 0.440979)
0.0194538     (20.0003 -8.14883e-05 0.441384)
0.0194715     (20.0003 -8.14826e-05 0.441789)
0.0194892     (20.0003 -8.14749e-05 0.442194)
0.0195068     (20.0003 -8.14637e-05 0.442599)
0.0195245     (20.0003 -8.14511e-05 0.443004)
0.0195422     (20.0003 -8.14407e-05 0.443408)
0.0195599     (20.0003 -8.14318e-05 0.443813)
0.0195776     (20.0003 -8.14233e-05 0.444218)
0.0195953     (20.0003 -8.14113e-05 0.444623)
0.019613      (20.0003 -8.13984e-05 0.445027)
0.0196306     (20.0003 -8.13856e-05 0.445432)
0.0196483     (20.0003 -8.13729e-05 0.445837)
0.019666      (20.0003 -8.13604e-05 0.446241)
0.0196837     (20.0003 -8.13482e-05 0.446646)
0.0197014     (20.0003 -8.1335e-05 0.447051)
0.0197191     (20.0003 -8.13203e-05 0.447455)
0.0197368     (20.0003 -8.13061e-05 0.447859)
0.0197545     (20.0003 -8.12922e-05 0.448264)
0.0197721     (20.0003 -8.12775e-05 0.448668)
0.0197898     (20.0003 -8.12596e-05 0.449073)
0.0198075     (20.0003 -8.12409e-05 0.449477)
0.0198252     (20.0003 -8.1222e-05 0.449881)
0.0198429     (20.0003 -8.1205e-05 0.450286)
0.0198606     (20.0003 -8.11891e-05 0.45069)
0.0198783     (20.0003 -8.11724e-05 0.451094)
0.019896      (20.0003 -8.11572e-05 0.451498)
0.0199136     (20.0003 -8.11477e-05 0.451902)
0.0199313     (20.0003 -8.1166e-05 0.452306)
0.019949      (20.0003 -8.11706e-05 0.452711)
0.0199667     (20.0003 -8.11348e-05 0.453115)
0.0199844     (20.0003 -8.10934e-05 0.453518)
0.0200021     (20.0003 -8.10495e-05 0.453922)
0.0200198     (20.0003 -8.10046e-05 0.454326)
0.0200374     (20.0003 -8.09596e-05 0.45473)
0.0200551     (20.0003 -8.09165e-05 0.455134)
0.0200728     (20.0003 -8.0874e-05 0.455538)
0.0200905     (20.0003 -8.08302e-05 0.455941)
0.0201082     (20.0003 -8.07846e-05 0.456345)
0.0201259     (20.0003 -8.07395e-05 0.456749)
0.0201436     (20.0003 -8.06925e-05 0.457152)
0.0201612     (20.0003 -8.06449e-05 0.457556)
0.0201789     (20.0003 -8.05967e-05 0.457959)
0.0201966     (20.0003 -8.05482e-05 0.458363)
0.0202143     (20.0003 -8.0499e-05 0.458766)
0.020232      (20.0003 -8.045e-05 0.45917)
0.0202497     (20.0003 -8.04007e-05 0.459573)
0.0202674     (20.0003 -8.03515e-05 0.459977)
0.020285      (20.0003 -8.03012e-05 0.46038)
0.0203027     (20.0003 -8.02494e-05 0.460783)
0.0203204     (20.0003 -8.01992e-05 0.461187)
0.0203381     (20.0003 -8.01493e-05 0.46159)
0.0203558     (20.0003 -8.00989e-05 0.461993)
0.0203735     (20.0003 -8.00439e-05 0.462396)
0.0203911     (20.0003 -7.99898e-05 0.462799)
0.0204088     (20.0003 -7.99358e-05 0.463202)
0.0204265     (20.0003 -7.98824e-05 0.463605)
0.0204442     (20.0003 -7.98282e-05 0.464008)
0.0204619     (20.0003 -7.97728e-05 0.464411)
0.0204796     (20.0003 -7.97162e-05 0.464814)
0.0204973     (20.0003 -7.96587e-05 0.465217)
0.0205149     (20.0003 -7.96012e-05 0.46562)
0.0205326     (20.0003 -7.9545e-05 0.466023)
0.0205503     (20.0003 -7.94898e-05 0.466426)
0.020568      (20.0003 -7.94346e-05 0.466828)
0.0205857     (20.0003 -7.9379e-05 0.467231)
0.0206034     (20.0003 -7.9323e-05 0.467634)
0.020621      (20.0003 -7.92667e-05 0.468037)
0.0206387     (20.0003 -7.92107e-05 0.468439)
0.0206564     (20.0003 -7.91545e-05 0.468842)
0.0206741     (20.0003 -7.90981e-05 0.469244)
0.0206918     (20.0003 -7.90423e-05 0.469647)
0.0207095     (20.0003 -7.89853e-05 0.470049)
0.0207272     (20.0003 -7.89266e-05 0.470452)
0.0207448     (20.0003 -7.88677e-05 0.470854)
0.0207625     (20.0003 -7.88091e-05 0.471257)
0.0207802     (20.0003 -7.87496e-05 0.471659)
0.0207979     (20.0003 -7.86912e-05 0.472061)
0.0208156     (20.0003 -7.8637e-05 0.472463)
0.0208333     (20.0003 -7.8585e-05 0.472866)
0.020851      (20.0003 -7.85429e-05 0.473268)
0.0208686     (20.0003 -7.84876e-05 0.47367)
0.0208863     (20.0003 -7.84291e-05 0.474072)
0.020904      (20.0003 -7.83708e-05 0.474474)
0.0209217     (20.0003 -7.83139e-05 0.474876)
0.0209394     (20.0003 -7.82535e-05 0.475278)
0.0209571     (20.0003 -7.81821e-05 0.47568)
0.0209747     (20.0003 -7.81221e-05 0.476082)
0.0209924     (20.0003 -7.80635e-05 0.476484)
0.0210101     (20.0003 -7.80061e-05 0.476886)
0.0210278     (20.0003 -7.79488e-05 0.477288)
0.0210455     (20.0003 -7.78908e-05 0.47769)
0.0210632     (20.0003 -7.78329e-05 0.478091)
0.0210809     (20.0003 -7.77749e-05 0.478493)
0.0210985     (20.0003 -7.77161e-05 0.478895)
0.0211162     (20.0003 -7.76569e-05 0.479297)
0.0211339     (20.0003 -7.75979e-05 0.479698)
0.0211516     (20.0003 -7.75388e-05 0.4801)
0.0211693     (20.0003 -7.74757e-05 0.480501)
0.021187      (20.0003 -7.73884e-05 0.480903)
0.0212047     (20.0003 -7.73359e-05 0.481304)
0.0212223     (20.0003 -7.72864e-05 0.481706)
0.02124       (20.0003 -7.72394e-05 0.482107)
0.0212577     (20.0003 -7.71939e-05 0.482508)
0.0212754     (20.0003 -7.71483e-05 0.48291)
0.0212931     (20.0003 -7.70992e-05 0.483311)
0.0213108     (20.0003 -7.70495e-05 0.483712)
0.0213284     (20.0003 -7.70008e-05 0.484114)
0.0213461     (20.0003 -7.69531e-05 0.484515)
0.0213638     (20.0003 -7.69038e-05 0.484916)
0.0213815     (20.0003 -7.68541e-05 0.485317)
0.0213992     (20.0003 -7.6805e-05 0.485718)
0.0214169     (20.0003 -7.67563e-05 0.486119)
0.0214346     (20.0003 -7.67085e-05 0.48652)
0.0214522     (20.0003 -7.66672e-05 0.486921)
0.0214699     (20.0003 -7.66189e-05 0.487322)
0.0214876     (20.0003 -7.6565e-05 0.487723)
0.0215053     (20.0003 -7.65117e-05 0.488124)
0.021523      (20.0003 -7.64579e-05 0.488525)
0.0215407     (20.0003 -7.64041e-05 0.488926)
0.0215584     (20.0003 -7.63495e-05 0.489326)
0.021576      (20.0003 -7.62947e-05 0.489727)
0.0215937     (20.0003 -7.624e-05 0.490128)
0.0216114     (20.0003 -7.61791e-05 0.490528)
0.0216291     (20.0003 -7.61256e-05 0.490929)
0.0216468     (20.0003 -7.60717e-05 0.491329)
0.0216645     (20.0003 -7.60165e-05 0.49173)
0.0216821     (20.0003 -7.59624e-05 0.49213)
0.0216998     (20.0003 -7.59089e-05 0.492531)
0.0217175     (20.0003 -7.58559e-05 0.492931)
0.0217352     (20.0003 -7.5803e-05 0.493332)
0.0217529     (20.0003 -7.57497e-05 0.493732)
0.0217706     (20.0003 -7.56979e-05 0.494132)
0.0217883     (20.0003 -7.56482e-05 0.494533)
0.0218059     (20.0003 -7.55978e-05 0.494933)
0.0218236     (20.0003 -7.55477e-05 0.495333)
0.0218413     (20.0003 -7.54977e-05 0.495733)
0.021859      (20.0003 -7.54488e-05 0.496133)
0.0218767     (20.0003 -7.54007e-05 0.496533)
0.0218944     (20.0003 -7.53541e-05 0.496933)
0.021912      (20.0003 -7.53068e-05 0.497333)
0.0219297     (20.0003 -7.52595e-05 0.497733)
0.0219474     (20.0003 -7.52115e-05 0.498133)
0.0219651     (20.0003 -7.51648e-05 0.498533)
0.0219828     (20.0003 -7.51194e-05 0.498933)
0.0220005     (20.0003 -7.50739e-05 0.499333)
0.0220181     (20.0003 -7.50293e-05 0.499732)
0.0220358     (20.0003 -7.49856e-05 0.500132)
0.0220535     (20.0003 -7.49425e-05 0.500532)
0.0220712     (20.0003 -7.49e-05 0.500931)
0.0220889     (20.0003 -7.48566e-05 0.501331)
0.0221066     (20.0003 -7.48146e-05 0.50173)
0.0221242     (20.0003 -7.47729e-05 0.50213)
0.0221419     (20.0003 -7.47319e-05 0.502529)
0.0221596     (20.0003 -7.46928e-05 0.502929)
0.0221773     (20.0003 -7.46514e-05 0.503328)
0.022195      (20.0003 -7.46081e-05 0.503728)
0.0222127     (20.0003 -7.45648e-05 0.504127)
0.0222303     (20.0003 -7.45216e-05 0.504526)
0.022248      (20.0003 -7.44805e-05 0.504926)
0.0222657     (20.0003 -7.44336e-05 0.505325)
0.0222834     (20.0003 -7.43974e-05 0.505724)
0.0223011     (20.0003 -7.43656e-05 0.506123)
0.0223188     (20.0003 -7.43353e-05 0.506522)
0.0223364     (20.0003 -7.43065e-05 0.506921)
0.0223541     (20.0003 -7.42778e-05 0.50732)
0.0223718     (20.0003 -7.42483e-05 0.507719)
0.0223895     (20.0003 -7.42194e-05 0.508118)
0.0224072     (20.0003 -7.41919e-05 0.508517)
0.0224249     (20.0003 -7.41652e-05 0.508916)
0.0224425     (20.0003 -7.41376e-05 0.509315)
0.0224602     (20.0003 -7.41085e-05 0.509714)
0.0224779     (20.0003 -7.40778e-05 0.510113)
0.0224956     (20.0003 -7.40479e-05 0.510511)
0.0225133     (20.0003 -7.40193e-05 0.51091)
0.022531      (20.0003 -7.39897e-05 0.511309)
0.0225486     (20.0003 -7.39589e-05 0.511707)
0.0225663     (20.0003 -7.3929e-05 0.512106)
0.022584      (20.0003 -7.38999e-05 0.512504)
0.0226017     (20.0003 -7.38713e-05 0.512903)
0.0226194     (20.0003 -7.38423e-05 0.513301)
0.022637      (20.0003 -7.38135e-05 0.5137)
0.0226547     (20.0003 -7.3785e-05 0.514098)
0.0226724     (20.0003 -7.3757e-05 0.514497)
0.0226901     (20.0003 -7.37294e-05 0.514895)
0.0227078     (20.0003 -7.3702e-05 0.515293)
0.0227255     (20.0003 -7.36744e-05 0.515691)
0.0227431     (20.0003 -7.36499e-05 0.51609)
0.0227608     (20.0003 -7.3625e-05 0.516488)
0.0227785     (20.0003 -7.35962e-05 0.516886)
0.0227962     (20.0003 -7.35666e-05 0.517284)
0.0228139     (20.0003 -7.35361e-05 0.517682)
0.0228316     (20.0003 -7.3505e-05 0.51808)
0.0228492     (20.0003 -7.34753e-05 0.518478)
0.0228669     (20.0003 -7.34491e-05 0.518876)
0.0228846     (20.0003 -7.34235e-05 0.519274)
0.0229023     (20.0003 -7.33981e-05 0.519672)
0.02292       (20.0003 -7.33727e-05 0.52007)
0.0229377     (20.0003 -7.33467e-05 0.520468)
0.0229553     (20.0003 -7.33166e-05 0.520865)
0.022973      (20.0003 -7.32953e-05 0.521263)
0.0229907     (20.0003 -7.32752e-05 0.521661)
0.0230084     (20.0003 -7.32554e-05 0.522058)
0.0230261     (20.0003 -7.32359e-05 0.522456)
0.0230438     (20.0003 -7.32172e-05 0.522854)
0.0230614     (20.0003 -7.31987e-05 0.523251)
0.0230791     (20.0003 -7.3181e-05 0.523649)
0.0230968     (20.0003 -7.31622e-05 0.524046)
0.0231145     (20.0003 -7.31434e-05 0.524444)
0.0231322     (20.0003 -7.31231e-05 0.524841)
0.0231499     (20.0003 -7.3102e-05 0.525238)
0.0231675     (20.0003 -7.30832e-05 0.525636)
0.0231852     (20.0003 -7.30653e-05 0.526033)
0.0232029     (20.0003 -7.3047e-05 0.52643)
0.0232206     (20.0003 -7.30299e-05 0.526827)
0.0232383     (20.0003 -7.30136e-05 0.527224)
0.023256      (20.0003 -7.29928e-05 0.527622)
0.0232736     (20.0003 -7.29698e-05 0.528019)
0.0232913     (20.0003 -7.29492e-05 0.528416)
0.023309      (20.0003 -7.29283e-05 0.528813)
0.0233267     (20.0003 -7.29076e-05 0.52921)
0.0233444     (20.0003 -7.28834e-05 0.529607)
0.023362      (20.0003 -7.28591e-05 0.530003)
0.0233797     (20.0003 -7.2833e-05 0.5304)
0.0233974     (20.0003 -7.28067e-05 0.530797)
0.0234151     (20.0003 -7.27813e-05 0.531194)
0.0234328     (20.0003 -7.27574e-05 0.531591)
0.0234505     (20.0003 -7.27332e-05 0.531987)
0.0234681     (20.0003 -7.27087e-05 0.532384)
0.0234858     (20.0003 -7.26834e-05 0.532781)
0.0235035     (20.0003 -7.2656e-05 0.533177)
0.0235212     (20.0003 -7.26319e-05 0.533574)
0.0235389     (20.0003 -7.2609e-05 0.53397)
0.0235566     (20.0003 -7.2584e-05 0.534367)
0.0235742     (20.0003 -7.25602e-05 0.534763)
0.0235919     (20.0003 -7.2538e-05 0.53516)
0.0236096     (20.0003 -7.25148e-05 0.535556)
0.0236273     (20.0003 -7.24906e-05 0.535952)
0.023645      (20.0003 -7.24679e-05 0.536349)
0.0236627     (20.0003 -7.24449e-05 0.536745)
0.0236803     (20.0003 -7.2421e-05 0.537141)
0.023698      (20.0003 -7.23976e-05 0.537537)
0.0237157     (20.0003 -7.23765e-05 0.537933)
0.0237334     (20.0003 -7.23555e-05 0.538329)
0.0237511     (20.0003 -7.23338e-05 0.538725)
0.0237688     (20.0003 -7.23186e-05 0.539122)
0.0237864     (20.0003 -7.22994e-05 0.539517)
0.0238041     (20.0003 -7.22789e-05 0.539913)
0.0238218     (20.0003 -7.22576e-05 0.540309)
0.0238395     (20.0003 -7.22372e-05 0.540705)
0.0238572     (20.0003 -7.22188e-05 0.541101)
0.0238749     (20.0003 -7.21995e-05 0.541497)
0.0238925     (20.0003 -7.21797e-05 0.541892)
0.0239102     (20.0003 -7.21596e-05 0.542288)
0.0239279     (20.0003 -7.21392e-05 0.542684)
0.0239456     (20.0003 -7.21187e-05 0.543079)
0.0239633     (20.0003 -7.2098e-05 0.543475)
0.023981      (20.0003 -7.20774e-05 0.543871)
0.0239986     (20.0003 -7.20538e-05 0.544266)
0.0240163     (20.0003 -7.20293e-05 0.544662)
0.024034      (20.0003 -7.20077e-05 0.545057)
0.0240517     (20.0003 -7.19874e-05 0.545452)
0.0240694     (20.0003 -7.19667e-05 0.545848)
0.0240871     (20.0003 -7.1946e-05 0.546243)
0.0241047     (20.0003 -7.19242e-05 0.546638)
0.0241224     (20.0003 -7.19014e-05 0.547034)
0.0241401     (20.0003 -7.18776e-05 0.547429)
0.0241578     (20.0003 -7.18549e-05 0.547824)
0.0241755     (20.0003 -7.18326e-05 0.548219)
0.0241931     (20.0003 -7.18087e-05 0.548614)
0.0242108     (20.0003 -7.17826e-05 0.549009)
0.0242285     (20.0003 -7.17553e-05 0.549404)
0.0242462     (20.0003 -7.17223e-05 0.549799)
0.0242639     (20.0003 -7.16516e-05 0.550194)
0.0242816     (20.0003 -7.1628e-05 0.550589)
0.0242992     (20.0003 -7.16197e-05 0.550984)
0.0243169     (20.0003 -7.1607e-05 0.551378)
0.0243346     (20.0003 -7.15953e-05 0.551773)
0.0243523     (20.0003 -7.15832e-05 0.552168)
0.02437       (20.0003 -7.15711e-05 0.552563)
0.0243877     (20.0003 -7.15592e-05 0.552957)
0.0244053     (20.0003 -7.15454e-05 0.553352)
0.024423      (20.0003 -7.15311e-05 0.553746)
0.0244407     (20.0003 -7.15179e-05 0.554141)
0.0244584     (20.0003 -7.15062e-05 0.554535)
0.0244761     (20.0003 -7.14941e-05 0.55493)
0.0244938     (20.0003 -7.14808e-05 0.555324)
0.0245114     (20.0003 -7.14663e-05 0.555719)
0.0245291     (20.0003 -7.14547e-05 0.556113)
0.0245468     (20.0003 -7.14422e-05 0.556507)
0.0245645     (20.0003 -7.14293e-05 0.556902)
0.0245822     (20.0003 -7.14165e-05 0.557296)
0.0245999     (20.0003 -7.14041e-05 0.55769)
0.0246175     (20.0003 -7.13911e-05 0.558084)
0.0246352     (20.0003 -7.13779e-05 0.558478)
0.0246529     (20.0003 -7.13657e-05 0.558872)
0.0246706     (20.0003 -7.13516e-05 0.559266)
0.0246883     (20.0003 -7.13323e-05 0.55966)
0.024706      (20.0003 -7.13106e-05 0.560054)
0.0247236     (20.0003 -7.12884e-05 0.560448)
0.0247413     (20.0003 -7.12678e-05 0.560842)
0.024759      (20.0003 -7.12487e-05 0.561236)
0.0247767     (20.0003 -7.12323e-05 0.561629)
0.0247944     (20.0003 -7.12174e-05 0.562023)
0.0248121     (20.0003 -7.12046e-05 0.562417)
0.0248297     (20.0003 -7.11916e-05 0.56281)
0.0248474     (20.0003 -7.11748e-05 0.563204)
0.0248651     (20.0003 -7.11559e-05 0.563598)
0.0248828     (20.0003 -7.11372e-05 0.563991)
0.0249005     (20.0003 -7.11237e-05 0.564385)
0.0249182     (20.0003 -7.11058e-05 0.564778)
0.0249358     (20.0003 -7.10872e-05 0.565172)
0.0249535     (20.0003 -7.1068e-05 0.565565)
0.0249712     (20.0003 -7.10496e-05 0.565958)
0.0249889     (20.0003 -7.10316e-05 0.566352)
0.0250066     (20.0003 -7.10139e-05 0.566745)
0.0250242     (20.0003 -7.09961e-05 0.567138)
0.0250419     (20.0003 -7.09768e-05 0.567531)
0.0250596     (20.0003 -7.09555e-05 0.567924)
0.0250773     (20.0003 -7.09325e-05 0.568317)
0.025095      (20.0003 -7.09105e-05 0.56871)
0.0251127     (20.0003 -7.0889e-05 0.569104)
0.0251303     (20.0003 -7.08677e-05 0.569496)
0.025148      (20.0003 -7.08466e-05 0.569889)
0.0251657     (20.0003 -7.08252e-05 0.570282)
0.0251834     (20.0003 -7.08036e-05 0.570675)
0.0252011     (20.0003 -7.07875e-05 0.571068)
0.0252188     (20.0003 -7.0767e-05 0.571461)
0.0252364     (20.0003 -7.07453e-05 0.571853)
0.0252541     (20.0003 -7.07231e-05 0.572246)
0.0252718     (20.0003 -7.07007e-05 0.572639)
0.0252895     (20.0003 -7.0678e-05 0.573031)
0.0253072     (20.0003 -7.06534e-05 0.573424)
0.0253248     (20.0003 -7.0632e-05 0.573816)
0.0253425     (20.0003 -7.06116e-05 0.574209)
0.0253602     (20.0003 -7.05906e-05 0.574601)
0.0253779     (20.0003 -7.05695e-05 0.574993)
0.0253956     (20.0003 -7.05475e-05 0.575386)
0.0254132     (20.0003 -7.05219e-05 0.575778)
0.0254309     (20.0003 -7.05023e-05 0.57617)
0.0254486     (20.0003 -7.04835e-05 0.576562)
0.0254663     (20.0003 -7.04626e-05 0.576954)
0.025484      (20.0003 -7.04408e-05 0.577347)
0.0255017     (20.0003 -7.04179e-05 0.577739)
0.0255193     (20.0003 -7.03955e-05 0.578131)
0.025537      (20.0003 -7.03748e-05 0.578523)
0.0255547     (20.0003 -7.0354e-05 0.578915)
0.0255724     (20.0003 -7.03332e-05 0.579307)
0.0255901     (20.0003 -7.03114e-05 0.579698)
0.0256077     (20.0003 -7.02907e-05 0.58009)
0.0256254     (20.0003 -7.02705e-05 0.580482)
0.0256431     (20.0003 -7.02497e-05 0.580874)
0.0256608     (20.0003 -7.02273e-05 0.581266)
0.0256785     (20.0003 -7.02047e-05 0.581657)
0.0256961     (20.0003 -7.01808e-05 0.582049)
0.0257138     (20.0003 -7.01527e-05 0.58244)
0.0257315     (20.0003 -7.01134e-05 0.582832)
0.0257492     (20.0003 -7.00936e-05 0.583223)
0.0257669     (20.0003 -7.00753e-05 0.583615)
0.0257845     (20.0003 -7.00573e-05 0.584006)
0.0258022     (20.0003 -7.00391e-05 0.584398)
0.0258199     (20.0003 -7.00209e-05 0.584789)
0.0258376     (20.0003 -6.99999e-05 0.58518)
0.0258553     (20.0003 -6.99778e-05 0.585572)
0.0258729     (20.0003 -6.99569e-05 0.585963)
0.0258906     (20.0003 -6.9936e-05 0.586354)
0.0259083     (20.0003 -6.99152e-05 0.586745)
0.025926      (20.0003 -6.98947e-05 0.587136)
0.0259437     (20.0003 -6.98748e-05 0.587527)
0.0259614     (20.0003 -6.98547e-05 0.587918)
0.025979      (20.0003 -6.98341e-05 0.588309)
0.0259967     (20.0003 -6.98136e-05 0.5887)
0.0260144     (20.0003 -6.97939e-05 0.589091)
0.0260321     (20.0003 -6.9775e-05 0.589482)
0.0260498     (20.0003 -6.97567e-05 0.589873)
0.0260674     (20.0003 -6.97368e-05 0.590264)
0.0260851     (20.0003 -6.9717e-05 0.590654)
0.0261028     (20.0003 -6.96975e-05 0.591045)
0.0261205     (20.0003 -6.96741e-05 0.591436)
0.0261382     (20.0003 -6.96505e-05 0.591826)
0.0261558     (20.0003 -6.96261e-05 0.592217)
0.0261735     (20.0003 -6.96024e-05 0.592607)
0.0261912     (20.0003 -6.95803e-05 0.592998)
0.0262089     (20.0003 -6.95581e-05 0.593388)
0.0262266     (20.0003 -6.95392e-05 0.593779)
0.0262442     (20.0003 -6.95211e-05 0.594169)
0.0262619     (20.0003 -6.94968e-05 0.594559)
0.0262796     (20.0003 -6.94726e-05 0.59495)
0.0262973     (20.0003 -6.94487e-05 0.59534)
0.026315      (20.0003 -6.94275e-05 0.59573)
0.0263327     (20.0003 -6.94097e-05 0.59612)
0.0263503     (20.0003 -6.93926e-05 0.59651)
0.026368      (20.0003 -6.9376e-05 0.5969)
0.0263857     (20.0003 -6.93592e-05 0.59729)
0.0264034     (20.0003 -6.93432e-05 0.59768)
0.0264211     (20.0003 -6.93235e-05 0.59807)
0.0264387     (20.0003 -6.93087e-05 0.59846)
0.0264564     (20.0003 -6.9296e-05 0.59885)
0.0264741     (20.0003 -6.9284e-05 0.59924)
0.0264918     (20.0003 -6.92716e-05 0.59963)
0.0265095     (20.0003 -6.92629e-05 0.60002)
0.0265271     (20.0003 -6.92494e-05 0.600409)
0.0265448     (20.0003 -6.92338e-05 0.600799)
0.0265625     (20.0003 -6.92189e-05 0.601188)
0.0265802     (20.0003 -6.92028e-05 0.601578)
0.0265979     (20.0003 -6.91858e-05 0.601968)
0.0266155     (20.0003 -6.91702e-05 0.602357)
0.0266332     (20.0003 -6.91561e-05 0.602747)
0.0266509     (20.0003 -6.91424e-05 0.603136)
0.0266686     (20.0003 -6.91283e-05 0.603525)
0.0266863     (20.0003 -6.91143e-05 0.603915)
0.0267039     (20.0003 -6.91002e-05 0.604304)
0.0267216     (20.0003 -6.90875e-05 0.604693)
0.0267393     (20.0003 -6.90747e-05 0.605082)
0.026757      (20.0003 -6.90603e-05 0.605472)
0.0267747     (20.0003 -6.90447e-05 0.605861)
0.0267924     (20.0003 -6.90293e-05 0.60625)
0.02681       (20.0003 -6.90149e-05 0.606639)
0.0268277     (20.0003 -6.90006e-05 0.607028)
0.0268454     (20.0003 -6.89861e-05 0.607417)
0.0268631     (20.0003 -6.89702e-05 0.607806)
0.0268808     (20.0003 -6.89525e-05 0.608195)
0.0268984     (20.0003 -6.89351e-05 0.608583)
0.0269161     (20.0003 -6.8917e-05 0.608972)
0.0269338     (20.0003 -6.88979e-05 0.609361)
0.0269515     (20.0003 -6.88794e-05 0.60975)
0.0269692     (20.0003 -6.88595e-05 0.610138)
0.0269868     (20.0003 -6.88407e-05 0.610527)
0.0270045     (20.0003 -6.88222e-05 0.610915)
0.0270222     (20.0003 -6.88036e-05 0.611304)
0.0270399     (20.0003 -6.8785e-05 0.611692)
0.0270576     (20.0003 -6.87666e-05 0.612081)
0.0270752     (20.0003 -6.87499e-05 0.612469)
0.0270929     (20.0003 -6.87323e-05 0.612858)
0.0271106     (20.0003 -6.87149e-05 0.613246)
0.0271283     (20.0003 -6.86974e-05 0.613634)
0.027146      (20.0003 -6.8681e-05 0.614022)
0.0271637     (20.0003 -6.86656e-05 0.614411)
0.0271813     (20.0003 -6.86502e-05 0.614799)
0.027199      (20.0003 -6.86334e-05 0.615187)
0.0272167     (20.0003 -6.86064e-05 0.615575)
0.0272344     (20.0003 -6.85922e-05 0.615963)
0.0272521     (20.0003 -6.85827e-05 0.616351)
0.0272697     (20.0003 -6.85733e-05 0.616739)
0.0272874     (20.0003 -6.8563e-05 0.617127)
0.0273051     (20.0003 -6.85519e-05 0.617514)
0.0273228     (20.0003 -6.8539e-05 0.617902)
0.0273405     (20.0003 -6.85335e-05 0.61829)
0.0273581     (20.0003 -6.85315e-05 0.618678)
0.0273758     (20.0003 -6.8527e-05 0.619065)
0.0273935     (20.0003 -6.85237e-05 0.619453)
0.0274112     (20.0003 -6.85211e-05 0.619841)
0.0274289     (20.0003 -6.852e-05 0.620228)
0.0274465     (20.0003 -6.85199e-05 0.620616)
0.0274642     (20.0003 -6.85199e-05 0.621003)
0.0274819     (20.0003 -6.85186e-05 0.621391)
0.0274996     (20.0003 -6.85166e-05 0.621778)
0.0275173     (20.0003 -6.85147e-05 0.622165)
0.027535      (20.0003 -6.85128e-05 0.622553)
0.0275526     (20.0003 -6.85088e-05 0.62294)
0.0275703     (20.0003 -6.85039e-05 0.623327)
0.027588      (20.0003 -6.8499e-05 0.623714)
0.0276057     (20.0003 -6.84953e-05 0.624101)
0.0276234     (20.0003 -6.84917e-05 0.624488)
0.027641      (20.0003 -6.84886e-05 0.624875)
0.0276587     (20.0003 -6.84846e-05 0.625262)
0.0276764     (20.0003 -6.84796e-05 0.625649)
0.0276941     (20.0003 -6.84748e-05 0.626036)
0.0277118     (20.0003 -6.8472e-05 0.626423)
0.0277294     (20.0003 -6.84706e-05 0.62681)
0.0277471     (20.0003 -6.84701e-05 0.627197)
0.0277648     (20.0003 -6.84726e-05 0.627583)
0.0277825     (20.0003 -6.84779e-05 0.62797)
0.0278002     (20.0003 -6.8479e-05 0.628357)
0.0278178     (20.0003 -6.84756e-05 0.628743)
0.0278355     (20.0003 -6.84715e-05 0.62913)
0.0278532     (20.0003 -6.84686e-05 0.629516)
0.0278709     (20.0003 -6.84631e-05 0.629903)
0.0278886     (20.0003 -6.84572e-05 0.630289)
0.0279062     (20.0003 -6.8452e-05 0.630676)
0.0279239     (20.0003 -6.84425e-05 0.631062)
0.0279416     (20.0003 -6.84315e-05 0.631448)
0.0279593     (20.0003 -6.84198e-05 0.631834)
0.027977      (20.0003 -6.84042e-05 0.632221)
0.0279947     (20.0003 -6.83921e-05 0.632607)
0.0280123     (20.0003 -6.83832e-05 0.632993)
0.02803       (20.0003 -6.83738e-05 0.633379)
0.0280477     (20.0003 -6.83647e-05 0.633765)
0.0280654     (20.0003 -6.83576e-05 0.634151)
0.0280831     (20.0003 -6.83482e-05 0.634537)
0.0281007     (20.0003 -6.83369e-05 0.634923)
0.0281184     (20.0003 -6.83272e-05 0.635309)
0.0281361     (20.0003 -6.83198e-05 0.635695)
0.0281538     (20.0003 -6.83129e-05 0.63608)
0.0281715     (20.0003 -6.83039e-05 0.636466)
0.0281891     (20.0003 -6.82978e-05 0.636852)
0.0282068     (20.0003 -6.82908e-05 0.637238)
0.0282245     (20.0003 -6.82841e-05 0.637623)
0.0282422     (20.0003 -6.82775e-05 0.638009)
0.0282599     (20.0003 -6.82711e-05 0.638394)
0.0282775     (20.0003 -6.8266e-05 0.63878)
0.0282952     (20.0003 -6.82634e-05 0.639165)
0.0283129     (20.0003 -6.82604e-05 0.639551)
0.0283306     (20.0003 -6.82561e-05 0.639936)
0.0283483     (20.0003 -6.82525e-05 0.640321)
0.028366      (20.0003 -6.82466e-05 0.640706)
0.0283836     (20.0003 -6.82399e-05 0.641092)
0.0284013     (20.0003 -6.82317e-05 0.641477)
0.028419      (20.0003 -6.82227e-05 0.641862)
0.0284367     (20.0003 -6.8213e-05 0.642247)
0.0284544     (20.0003 -6.8203e-05 0.642632)
0.028472      (20.0003 -6.81936e-05 0.643017)
0.0284897     (20.0003 -6.81847e-05 0.643402)
0.0285074     (20.0003 -6.81764e-05 0.643787)
0.0285251     (20.0003 -6.81683e-05 0.644172)
0.0285428     (20.0003 -6.81604e-05 0.644557)
0.0285604     (20.0003 -6.81525e-05 0.644941)
0.0285781     (20.0003 -6.8146e-05 0.645326)
0.0285958     (20.0003 -6.81394e-05 0.645711)
0.0286135     (20.0003 -6.81304e-05 0.646096)
0.0286312     (20.0003 -6.81192e-05 0.64648)
0.0286488     (20.0003 -6.81136e-05 0.646865)
0.0286665     (20.0003 -6.81104e-05 0.647249)
0.0286842     (20.0003 -6.81076e-05 0.647634)
0.0287019     (20.0003 -6.81059e-05 0.648018)
0.0287196     (20.0003 -6.81057e-05 0.648402)
0.0287372     (20.0003 -6.81065e-05 0.648787)
0.0287549     (20.0003 -6.81093e-05 0.649171)
0.0287726     (20.0003 -6.8115e-05 0.649555)
0.0287903     (20.0003 -6.81296e-05 0.649939)
0.028808      (20.0003 -6.81758e-05 0.650324)
0.0288257     (20.0003 -6.81718e-05 0.650708)
0.0288433     (20.0003 -6.81622e-05 0.651092)
0.028861      (20.0003 -6.8153e-05 0.651476)
0.0288787     (20.0003 -6.81423e-05 0.65186)
0.0288964     (20.0003 -6.8131e-05 0.652244)
0.0289141     (20.0003 -6.81228e-05 0.652628)
0.0289317     (20.0003 -6.81158e-05 0.653011)
0.0289494     (20.0003 -6.81093e-05 0.653395)
0.0289671     (20.0003 -6.81045e-05 0.653779)
0.0289848     (20.0003 -6.81003e-05 0.654163)
0.0290025     (20.0003 -6.80948e-05 0.654546)
0.0290201     (20.0003 -6.80888e-05 0.65493)
0.0290378     (20.0003 -6.80807e-05 0.655313)
0.0290555     (20.0003 -6.80725e-05 0.655697)
0.0290732     (20.0003 -6.80656e-05 0.65608)
0.0290909     (20.0003 -6.80611e-05 0.656464)
0.0291085     (20.0003 -6.80575e-05 0.656847)
0.0291262     (20.0003 -6.80546e-05 0.657231)
0.0291439     (20.0003 -6.80516e-05 0.657614)
0.0291616     (20.0003 -6.80501e-05 0.657997)
0.0291793     (20.0003 -6.80499e-05 0.65838)
0.029197      (20.0003 -6.80501e-05 0.658764)
0.0292146     (20.0003 -6.805e-05 0.659147)
0.0292323     (20.0003 -6.80498e-05 0.65953)
0.02925       (20.0003 -6.80508e-05 0.659913)
0.0292677     (20.0003 -6.80504e-05 0.660296)
0.0292854     (20.0003 -6.80509e-05 0.660679)
0.029303      (20.0003 -6.80522e-05 0.661062)
0.0293207     (20.0003 -6.80529e-05 0.661444)
0.0293384     (20.0003 -6.80534e-05 0.661827)
0.0293561     (20.0003 -6.80543e-05 0.66221)
0.0293738     (20.0003 -6.8054e-05 0.662593)
0.0293914     (20.0003 -6.80537e-05 0.662975)
0.0294091     (20.0003 -6.80557e-05 0.663358)
0.0294268     (20.0003 -6.80584e-05 0.663741)
0.0294445     (20.0003 -6.80611e-05 0.664123)
0.0294622     (20.0003 -6.80645e-05 0.664506)
0.0294798     (20.0003 -6.80701e-05 0.664888)
0.0294975     (20.0003 -6.80759e-05 0.665271)
0.0295152     (20.0003 -6.80821e-05 0.665653)
0.0295329     (20.0003 -6.80879e-05 0.666035)
0.0295506     (20.0003 -6.80926e-05 0.666418)
0.0295683     (20.0003 -6.8102e-05 0.6668)
0.0295859     (20.0003 -6.81111e-05 0.667182)
0.0296036     (20.0003 -6.81194e-05 0.667564)
0.0296213     (20.0003 -6.81283e-05 0.667946)
0.029639      (20.0003 -6.81361e-05 0.668328)
0.0296567     (20.0003 -6.81447e-05 0.66871)
0.0296743     (20.0003 -6.81544e-05 0.669092)
0.029692      (20.0003 -6.81637e-05 0.669474)
0.0297097     (20.0003 -6.81735e-05 0.669856)
0.0297274     (20.0003 -6.81856e-05 0.670238)
0.0297451     (20.0003 -6.81987e-05 0.67062)
0.0297627     (20.0003 -6.82123e-05 0.671001)
0.0297804     (20.0003 -6.8227e-05 0.671383)
0.0297981     (20.0003 -6.82397e-05 0.671765)
0.0298158     (20.0003 -6.82499e-05 0.672146)
0.0298335     (20.0003 -6.82612e-05 0.672528)
0.0298511     (20.0003 -6.82706e-05 0.67291)
0.0298688     (20.0003 -6.82784e-05 0.673291)
0.0298865     (20.0003 -6.828e-05 0.673672)
0.0299042     (20.0003 -6.82814e-05 0.674054)
0.0299219     (20.0003 -6.82851e-05 0.674435)
0.0299395     (20.0003 -6.82907e-05 0.674816)
0.0299572     (20.0003 -6.8292e-05 0.675198)
0.0299749     (20.0003 -6.82931e-05 0.675579)
0.0299926     (20.0003 -6.82951e-05 0.67596)
0.0300103     (20.0003 -6.82954e-05 0.676341)
0.030028      (20.0003 -6.82942e-05 0.676722)
0.0300456     (20.0003 -6.82945e-05 0.677103)
0.0300633     (20.0003 -6.82967e-05 0.677484)
0.030081      (20.0003 -6.83015e-05 0.677865)
0.0300987     (20.0003 -6.83066e-05 0.678246)
0.0301164     (20.0003 -6.8311e-05 0.678627)
0.030134      (20.0003 -6.83143e-05 0.679008)
0.0301517     (20.0003 -6.83181e-05 0.679388)
0.0301694     (20.0003 -6.83222e-05 0.679769)
0.0301871     (20.0003 -6.83264e-05 0.68015)
0.0302048     (20.0003 -6.8334e-05 0.68053)
0.0302224     (20.0003 -6.83415e-05 0.680911)
0.0302401     (20.0003 -6.83503e-05 0.681292)
0.0302578     (20.0003 -6.83583e-05 0.681672)
0.0302755     (20.0003 -6.83671e-05 0.682052)
0.0302932     (20.0003 -6.83761e-05 0.682433)
0.0303108     (20.0003 -6.83857e-05 0.682813)
0.0303285     (20.0003 -6.83941e-05 0.683193)
0.0303462     (20.0003 -6.84015e-05 0.683574)
0.0303639     (20.0003 -6.84077e-05 0.683954)
0.0303816     (20.0003 -6.8418e-05 0.684334)
0.0303993     (20.0003 -6.84288e-05 0.684714)
0.0304169     (20.0003 -6.84393e-05 0.685094)
0.0304346     (20.0003 -6.84502e-05 0.685474)
0.0304523     (20.0003 -6.8462e-05 0.685854)
0.03047       (20.0003 -6.84739e-05 0.686234)
0.0304877     (20.0003 -6.84906e-05 0.686614)
0.0305053     (20.0003 -6.85039e-05 0.686994)
0.030523      (20.0003 -6.85169e-05 0.687373)
0.0305407     (20.0003 -6.85302e-05 0.687753)
0.0305584     (20.0003 -6.85444e-05 0.688133)
0.0305761     (20.0003 -6.85594e-05 0.688513)
0.0305937     (20.0003 -6.8575e-05 0.688892)
0.0306114     (20.0003 -6.85889e-05 0.689272)
0.0306291     (20.0003 -6.86034e-05 0.689651)
0.0306468     (20.0003 -6.86185e-05 0.690031)
0.0306645     (20.0003 -6.86327e-05 0.69041)
0.0306821     (20.0003 -6.86469e-05 0.690789)
0.0306998     (20.0003 -6.86605e-05 0.691169)
0.0307175     (20.0003 -6.86747e-05 0.691548)
0.0307352     (20.0003 -6.86909e-05 0.691927)
0.0307529     (20.0003 -6.87075e-05 0.692306)
0.0307705     (20.0003 -6.87248e-05 0.692685)
0.0307882     (20.0003 -6.87422e-05 0.693065)
0.0308059     (20.0003 -6.87609e-05 0.693444)
0.0308236     (20.0003 -6.87769e-05 0.693822)
0.0308413     (20.0003 -6.87939e-05 0.694201)
0.030859      (20.0003 -6.88084e-05 0.69458)
0.0308766     (20.0003 -6.882e-05 0.694959)
0.0308943     (20.0003 -6.88344e-05 0.695338)
0.030912      (20.0003 -6.88497e-05 0.695717)
0.0309297     (20.0003 -6.88627e-05 0.696095)
0.0309474     (20.0003 -6.88758e-05 0.696474)
0.030965      (20.0003 -6.88896e-05 0.696853)
0.0309827     (20.0003 -6.89036e-05 0.697231)
0.0310004     (20.0003 -6.89171e-05 0.69761)
0.0310181     (20.0003 -6.89285e-05 0.697988)
0.0310358     (20.0003 -6.89393e-05 0.698367)
0.0310534     (20.0003 -6.89498e-05 0.698745)
0.0310711     (20.0003 -6.89591e-05 0.699123)
0.0310888     (20.0003 -6.89691e-05 0.699502)
0.0311065     (20.0003 -6.89788e-05 0.69988)
0.0311242     (20.0003 -6.89956e-05 0.700258)
0.0311418     (20.0003 -6.90106e-05 0.700636)
0.0311595     (20.0003 -6.90233e-05 0.701014)
0.0311772     (20.0003 -6.90367e-05 0.701392)
0.0311949     (20.0003 -6.90428e-05 0.70177)
0.0312126     (20.0003 -6.90515e-05 0.702148)
0.0312303     (20.0003 -6.90616e-05 0.702526)
0.0312479     (20.0003 -6.9072e-05 0.702904)
0.0312656     (20.0003 -6.9084e-05 0.703282)
0.0312833     (20.0003 -6.90973e-05 0.70366)
0.031301      (20.0003 -6.91116e-05 0.704038)
0.0313187     (20.0003 -6.91256e-05 0.704415)
0.0313363     (20.0003 -6.91387e-05 0.704793)
0.031354      (20.0003 -6.91499e-05 0.70517)
0.0313717     (20.0003 -6.9166e-05 0.705548)
0.0313894     (20.0003 -6.91853e-05 0.705925)
0.0314071     (20.0003 -6.92042e-05 0.706303)
0.0314247     (20.0003 -6.92244e-05 0.70668)
0.0314424     (20.0003 -6.92457e-05 0.707058)
0.0314601     (20.0003 -6.92664e-05 0.707435)
0.0314778     (20.0003 -6.92857e-05 0.707812)
0.0314955     (20.0003 -6.93042e-05 0.708189)
0.0315131     (20.0003 -6.93206e-05 0.708567)
0.0315308     (20.0003 -6.9337e-05 0.708944)
0.0315485     (20.0003 -6.93546e-05 0.709321)
0.0315662     (20.0003 -6.93738e-05 0.709698)
0.0315839     (20.0003 -6.93922e-05 0.710075)
0.0316016     (20.0003 -6.9411e-05 0.710452)
0.0316192     (20.0003 -6.94289e-05 0.710829)
0.0316369     (20.0003 -6.94466e-05 0.711206)
0.0316546     (20.0003 -6.94671e-05 0.711582)
0.0316723     (20.0003 -6.94857e-05 0.711959)
0.03169       (20.0003 -6.95043e-05 0.712336)
0.0317076     (20.0003 -6.95231e-05 0.712712)
0.0317253     (20.0003 -6.95429e-05 0.713089)
0.031743      (20.0003 -6.9563e-05 0.713466)
0.0317607     (20.0003 -6.95817e-05 0.713842)
0.0317784     (20.0003 -6.95993e-05 0.714219)
0.031796      (20.0003 -6.96182e-05 0.714595)
0.0318137     (20.0003 -6.96405e-05 0.714971)
0.0318314     (20.0003 -6.96601e-05 0.715348)
0.0318491     (20.0003 -6.96797e-05 0.715724)
0.0318668     (20.0003 -6.97011e-05 0.7161)
0.0318844     (20.0003 -6.97221e-05 0.716476)
0.0319021     (20.0003 -6.9744e-05 0.716852)
0.0319198     (20.0003 -6.97629e-05 0.717228)
0.0319375     (20.0003 -6.97783e-05 0.717605)
0.0319552     (20.0003 -6.97937e-05 0.717981)
0.0319728     (20.0003 -6.98092e-05 0.718356)
0.0319905     (20.0003 -6.9825e-05 0.718732)
0.0320082     (20.0003 -6.9841e-05 0.719108)
0.0320259     (20.0003 -6.98595e-05 0.719484)
0.0320436     (20.0003 -6.9878e-05 0.71986)
0.0320613     (20.0003 -6.98961e-05 0.720235)
0.0320789     (20.0003 -6.99145e-05 0.720611)
0.0320966     (20.0003 -6.9935e-05 0.720987)
0.0321143     (20.0003 -6.99596e-05 0.721362)
0.032132      (20.0003 -6.99941e-05 0.721738)
0.0321497     (20.0003 -7.00728e-05 0.722113)
0.0321673     (20.0003 -7.00764e-05 0.722489)
0.032185      (20.0003 -7.00589e-05 0.722864)
0.0322027     (20.0003 -7.00418e-05 0.723239)
0.0322204     (20.0003 -7.00355e-05 0.723615)
0.0322381     (20.0003 -7.00221e-05 0.72399)
0.0322557     (20.0003 -7.00053e-05 0.724365)
0.0322734     (20.0003 -6.99881e-05 0.72474)
0.0322911     (20.0003 -6.99733e-05 0.725115)
0.0323088     (20.0003 -6.99594e-05 0.72549)
0.0323265     (20.0003 -6.99463e-05 0.725865)
0.0323441     (20.0003 -6.99342e-05 0.72624)
0.0323618     (20.0003 -6.9922e-05 0.726615)
0.0323795     (20.0003 -6.99095e-05 0.726989)
0.0323972     (20.0003 -6.98974e-05 0.727364)
0.0324149     (20.0003 -6.9885e-05 0.727739)
0.0324326     (20.0003 -6.98748e-05 0.728114)
0.0324502     (20.0003 -6.98645e-05 0.728488)
0.0324679     (20.0003 -6.98547e-05 0.728863)
0.0324856     (20.0003 -6.98453e-05 0.729237)
0.0325033     (20.0003 -6.98413e-05 0.729612)
0.032521      (20.0003 -6.98401e-05 0.729986)
0.0325386     (20.0003 -6.98351e-05 0.73036)
0.0325563     (20.0003 -6.98281e-05 0.730735)
0.032574      (20.0003 -6.98202e-05 0.731109)
0.0325917     (20.0003 -6.98117e-05 0.731483)
0.0326094     (20.0003 -6.98037e-05 0.731857)
0.032627      (20.0003 -6.97962e-05 0.732232)
0.0326447     (20.0003 -6.97889e-05 0.732606)
0.0326624     (20.0003 -6.97819e-05 0.73298)
0.0326801     (20.0003 -6.97744e-05 0.733354)
0.0326978     (20.0003 -6.9766e-05 0.733728)
0.0327154     (20.0003 -6.97586e-05 0.734102)
0.0327331     (20.0003 -6.97509e-05 0.734475)
0.0327508     (20.0003 -6.97411e-05 0.734849)
0.0327685     (20.0003 -6.97318e-05 0.735223)
0.0327862     (20.0003 -6.97195e-05 0.735597)
0.0328039     (20.0003 -6.97066e-05 0.73597)
0.0328215     (20.0003 -6.96893e-05 0.736344)
0.0328392     (20.0003 -6.96559e-05 0.736717)
0.0328569     (20.0003 -6.95442e-05 0.737091)
0.0328746     (20.0003 -6.95304e-05 0.737464)
0.0328923     (20.0003 -6.95513e-05 0.737838)
0.0329099     (20.0003 -6.95753e-05 0.738211)
0.0329276     (20.0003 -6.95966e-05 0.738584)
0.0329453     (20.0003 -6.96205e-05 0.738958)
0.032963      (20.0003 -6.96447e-05 0.739331)
0.0329807     (20.0003 -6.96678e-05 0.739704)
0.0329983     (20.0003 -6.96988e-05 0.740077)
0.033016      (20.0003 -6.97328e-05 0.74045)
0.0330337     (20.0003 -6.97509e-05 0.740823)
0.0330514     (20.0003 -6.97666e-05 0.741196)
0.0330691     (20.0003 -6.97837e-05 0.741569)
0.0330867     (20.0003 -6.98013e-05 0.741942)
0.0331044     (20.0003 -6.98191e-05 0.742315)
0.0331221     (20.0003 -6.98375e-05 0.742688)
0.0331398     (20.0003 -6.98572e-05 0.74306)
0.0331575     (20.0003 -6.98727e-05 0.743433)
0.0331751     (20.0003 -6.98881e-05 0.743806)
0.0331928     (20.0003 -6.99052e-05 0.744178)
0.0332105     (20.0003 -6.99187e-05 0.744551)
0.0332282     (20.0003 -6.99318e-05 0.744923)
0.0332459     (20.0003 -6.9946e-05 0.745296)
0.0332636     (20.0003 -6.99604e-05 0.745668)
0.0332812     (20.0003 -6.99753e-05 0.746041)
0.0332989     (20.0003 -6.99907e-05 0.746413)
0.0333166     (20.0003 -7.00058e-05 0.746785)
0.0333343     (20.0003 -7.00193e-05 0.747157)
0.033352      (20.0003 -7.00326e-05 0.747529)
0.0333696     (20.0003 -7.00443e-05 0.747902)
0.0333873     (20.0003 -7.00557e-05 0.748274)
0.033405      (20.0003 -7.00663e-05 0.748646)
0.0334227     (20.0003 -7.0077e-05 0.749018)
0.0334404     (20.0003 -7.00871e-05 0.749389)
0.033458      (20.0003 -7.00959e-05 0.749761)
0.0334757     (20.0003 -7.01063e-05 0.750133)
0.0334934     (20.0003 -7.01197e-05 0.750505)
0.0335111     (20.0003 -7.01318e-05 0.750877)
0.0335288     (20.0003 -7.01453e-05 0.751248)
0.0335464     (20.0003 -7.01575e-05 0.75162)
0.0335641     (20.0003 -7.01626e-05 0.751991)
0.0335818     (20.0003 -7.01798e-05 0.752363)
0.0335995     (20.0003 -7.01958e-05 0.752734)
0.0336172     (20.0003 -7.02125e-05 0.753106)
0.0336349     (20.0003 -7.0229e-05 0.753477)
0.0336525     (20.0003 -7.02452e-05 0.753848)
0.0336702     (20.0003 -7.02604e-05 0.75422)
0.0336879     (20.0003 -7.02754e-05 0.754591)
0.0337056     (20.0003 -7.02916e-05 0.754962)
0.0337233     (20.0003 -7.0307e-05 0.755333)
0.0337409     (20.0003 -7.03222e-05 0.755704)
0.0337586     (20.0003 -7.03382e-05 0.756075)
0.0337763     (20.0003 -7.03541e-05 0.756446)
0.033794      (20.0003 -7.03698e-05 0.756817)
0.0338117     (20.0003 -7.03855e-05 0.757188)
0.0338293     (20.0003 -7.04011e-05 0.757559)
0.033847      (20.0003 -7.04158e-05 0.757929)
0.0338647     (20.0003 -7.04265e-05 0.7583)
0.0338824     (20.0003 -7.04432e-05 0.758671)
0.0339001     (20.0003 -7.04619e-05 0.759041)
0.0339177     (20.0003 -7.0481e-05 0.759412)
0.0339354     (20.0003 -7.05009e-05 0.759782)
0.0339531     (20.0003 -7.05225e-05 0.760153)
0.0339708     (20.0003 -7.05463e-05 0.760523)
0.0339885     (20.0003 -7.05709e-05 0.760894)
0.0340061     (20.0003 -7.05961e-05 0.761264)
0.0340238     (20.0003 -7.06222e-05 0.761634)
0.0340415     (20.0003 -7.06495e-05 0.762004)
0.0340592     (20.0003 -7.0674e-05 0.762374)
0.0340769     (20.0003 -7.06942e-05 0.762745)
0.0340946     (20.0003 -7.07139e-05 0.763115)
0.0341122     (20.0003 -7.07365e-05 0.763485)
0.0341299     (20.0003 -7.07623e-05 0.763855)
0.0341476     (20.0003 -7.07854e-05 0.764224)
0.0341653     (20.0003 -7.0807e-05 0.764594)
0.034183      (20.0003 -7.08289e-05 0.764964)
0.0342006     (20.0003 -7.08539e-05 0.765334)
0.0342183     (20.0003 -7.08758e-05 0.765703)
0.034236      (20.0003 -7.08965e-05 0.766073)
0.0342537     (20.0003 -7.09174e-05 0.766443)
0.0342714     (20.0003 -7.09382e-05 0.766812)
0.034289      (20.0003 -7.09593e-05 0.767182)
0.0343067     (20.0003 -7.09814e-05 0.767551)
0.0343244     (20.0003 -7.10025e-05 0.767921)
0.0343421     (20.0003 -7.10229e-05 0.76829)
0.0343598     (20.0003 -7.10454e-05 0.768659)
0.0343774     (20.0003 -7.10698e-05 0.769028)
0.0343951     (20.0003 -7.10963e-05 0.769398)
0.0344128     (20.0003 -7.11229e-05 0.769767)
0.0344305     (20.0003 -7.11506e-05 0.770136)
0.0344482     (20.0003 -7.11769e-05 0.770505)
0.0344659     (20.0003 -7.12001e-05 0.770874)
0.0344835     (20.0003 -7.12232e-05 0.771243)
0.0345012     (20.0003 -7.12482e-05 0.771612)
0.0345189     (20.0003 -7.1271e-05 0.771981)
0.0345366     (20.0003 -7.12914e-05 0.772349)
0.0345543     (20.0003 -7.13112e-05 0.772718)
0.0345719     (20.0003 -7.13346e-05 0.773087)
0.0345896     (20.0003 -7.13592e-05 0.773455)
0.0346073     (20.0003 -7.13837e-05 0.773824)
0.034625      (20.0003 -7.14101e-05 0.774193)
0.0346427     (20.0003 -7.14377e-05 0.774561)
0.0346603     (20.0003 -7.14625e-05 0.77493)
0.034678      (20.0003 -7.14872e-05 0.775298)
0.0346957     (20.0003 -7.15138e-05 0.775666)
0.0347134     (20.0003 -7.15412e-05 0.776035)
0.0347311     (20.0003 -7.15698e-05 0.776403)
0.0347487     (20.0003 -7.15969e-05 0.776771)
0.0347664     (20.0003 -7.16214e-05 0.777139)
0.0347841     (20.0003 -7.16458e-05 0.777507)
0.0348018     (20.0003 -7.16704e-05 0.777875)
0.0348195     (20.0003 -7.16953e-05 0.778243)
0.0348372     (20.0003 -7.17206e-05 0.778611)
0.0348548     (20.0003 -7.17464e-05 0.778979)
0.0348725     (20.0003 -7.17678e-05 0.779347)
0.0348902     (20.0003 -7.17883e-05 0.779715)
0.0349079     (20.0003 -7.18099e-05 0.780082)
0.0349256     (20.0003 -7.18332e-05 0.78045)
0.0349432     (20.0003 -7.18575e-05 0.780818)
0.0349609     (20.0003 -7.18824e-05 0.781185)
0.0349786     (20.0003 -7.19072e-05 0.781553)
0.0349963     (20.0003 -7.19316e-05 0.78192)
0.035014      (20.0003 -7.1957e-05 0.782288)
0.0350316     (20.0003 -7.19833e-05 0.782655)
0.0350493     (20.0003 -7.20087e-05 0.783022)
0.035067      (20.0003 -7.20348e-05 0.78339)
0.0350847     (20.0003 -7.20596e-05 0.783757)
0.0351024     (20.0003 -7.20838e-05 0.784124)
0.03512       (20.0003 -7.21074e-05 0.784491)
0.0351377     (20.0003 -7.21295e-05 0.784858)
0.0351554     (20.0003 -7.21534e-05 0.785225)
0.0351731     (20.0003 -7.21708e-05 0.785592)
0.0351908     (20.0003 -7.21939e-05 0.785959)
0.0352084     (20.0003 -7.2222e-05 0.786326)
0.0352261     (20.0003 -7.22504e-05 0.786693)
0.0352438     (20.0003 -7.22797e-05 0.787059)
0.0352615     (20.0003 -7.23079e-05 0.787426)
0.0352792     (20.0003 -7.23347e-05 0.787793)
0.0352969     (20.0003 -7.23639e-05 0.788159)
0.0353145     (20.0003 -7.23911e-05 0.788526)
0.0353322     (20.0003 -7.24156e-05 0.788892)
0.0353499     (20.0003 -7.24398e-05 0.789259)
0.0353676     (20.0003 -7.24639e-05 0.789625)
0.0353853     (20.0003 -7.24876e-05 0.789992)
0.0354029     (20.0003 -7.25115e-05 0.790358)
0.0354206     (20.0003 -7.25382e-05 0.790724)
0.0354383     (20.0003 -7.25646e-05 0.79109)
0.035456      (20.0003 -7.25946e-05 0.791457)
0.0354737     (20.0003 -7.26253e-05 0.791823)
0.0354913     (20.0003 -7.2656e-05 0.792189)
0.035509      (20.0003 -7.26868e-05 0.792555)
0.0355267     (20.0003 -7.27169e-05 0.792921)
0.0355444     (20.0003 -7.27464e-05 0.793287)
0.0355621     (20.0003 -7.27782e-05 0.793652)
0.0355797     (20.0003 -7.28104e-05 0.794018)
0.0355974     (20.0003 -7.28382e-05 0.794384)
0.0356151     (20.0003 -7.28658e-05 0.79475)
0.0356328     (20.0003 -7.28931e-05 0.795115)
0.0356505     (20.0003 -7.29219e-05 0.795481)
0.0356682     (20.0003 -7.29511e-05 0.795846)
0.0356858     (20.0003 -7.29809e-05 0.796212)
0.0357035     (20.0003 -7.30099e-05 0.796577)
0.0357212     (20.0003 -7.30379e-05 0.796943)
0.0357389     (20.0003 -7.30656e-05 0.797308)
0.0357566     (20.0003 -7.30934e-05 0.797673)
0.0357742     (20.0003 -7.31208e-05 0.798038)
0.0357919     (20.0003 -7.31491e-05 0.798404)
0.0358096     (20.0003 -7.31784e-05 0.798769)
0.0358273     (20.0003 -7.32074e-05 0.799134)
0.035845      (20.0003 -7.32371e-05 0.799499)
0.0358626     (20.0003 -7.32655e-05 0.799864)
0.0358803     (20.0003 -7.32933e-05 0.800229)
0.035898      (20.0003 -7.332e-05 0.800593)
0.0359157     (20.0003 -7.33461e-05 0.800958)
0.0359334     (20.0003 -7.33731e-05 0.801323)
0.035951      (20.0003 -7.34039e-05 0.801688)
0.0359687     (20.0003 -7.34317e-05 0.802052)
0.0359864     (20.0003 -7.34584e-05 0.802417)
0.0360041     (20.0003 -7.3482e-05 0.802781)
0.0360218     (20.0003 -7.35043e-05 0.803146)
0.0360394     (20.0003 -7.35264e-05 0.80351)
0.0360571     (20.0003 -7.35486e-05 0.803875)
0.0360748     (20.0003 -7.35662e-05 0.804239)
0.0360925     (20.0003 -7.35853e-05 0.804603)
0.0361102     (20.0003 -7.35995e-05 0.804967)
0.0361279     (20.0003 -7.36209e-05 0.805332)
0.0361455     (20.0003 -7.36433e-05 0.805696)
0.0361632     (20.0003 -7.36663e-05 0.80606)
0.0361809     (20.0003 -7.36903e-05 0.806424)
0.0361986     (20.0003 -7.37179e-05 0.806788)
0.0362163     (20.0003 -7.37469e-05 0.807152)
0.0362339     (20.0003 -7.37767e-05 0.807515)
0.0362516     (20.0003 -7.38032e-05 0.807879)
0.0362693     (20.0003 -7.38283e-05 0.808243)
0.036287      (20.0003 -7.38536e-05 0.808607)
0.0363047     (20.0003 -7.38788e-05 0.80897)
0.0363223     (20.0003 -7.39035e-05 0.809334)
0.03634       (20.0003 -7.39301e-05 0.809697)
0.0363577     (20.0003 -7.39576e-05 0.810061)
0.0363754     (20.0003 -7.39858e-05 0.810424)
0.0363931     (20.0003 -7.40137e-05 0.810788)
0.0364107     (20.0003 -7.40387e-05 0.811151)
0.0364284     (20.0003 -7.40627e-05 0.811514)
0.0364461     (20.0003 -7.4083e-05 0.811878)
0.0364638     (20.0003 -7.4102e-05 0.812241)
0.0364815     (20.0003 -7.41204e-05 0.812604)
0.0364992     (20.0003 -7.41386e-05 0.812967)
0.0365168     (20.0003 -7.41583e-05 0.81333)
0.0365345     (20.0003 -7.4179e-05 0.813693)
0.0365522     (20.0003 -7.42005e-05 0.814056)
0.0365699     (20.0003 -7.4221e-05 0.814419)
0.0365876     (20.0003 -7.42418e-05 0.814781)
0.0366052     (20.0003 -7.42631e-05 0.815144)
0.0366229     (20.0003 -7.42847e-05 0.815507)
0.0366406     (20.0003 -7.43084e-05 0.815869)
0.0366583     (20.0003 -7.43297e-05 0.816232)
0.036676      (20.0003 -7.43479e-05 0.816594)
0.0366936     (20.0003 -7.43647e-05 0.816957)
0.0367113     (20.0003 -7.43823e-05 0.817319)
0.036729      (20.0003 -7.44024e-05 0.817682)
0.0367467     (20.0003 -7.44224e-05 0.818044)
0.0367644     (20.0003 -7.44423e-05 0.818406)
0.036782      (20.0003 -7.44627e-05 0.818769)
0.0367997     (20.0003 -7.44848e-05 0.819131)
0.0368174     (20.0003 -7.45079e-05 0.819493)
0.0368351     (20.0003 -7.45316e-05 0.819855)
0.0368528     (20.0003 -7.45535e-05 0.820217)
0.0368705     (20.0003 -7.45739e-05 0.820579)
0.0368881     (20.0003 -7.45956e-05 0.820941)
0.0369058     (20.0003 -7.46175e-05 0.821303)
0.0369235     (20.0003 -7.46418e-05 0.821664)
