# Probe 0 (-1 0 0)
# Time        0            
0.0400099     (20.0002 -7.04064e-05 0.883997)
0.040032      (20.0002 -6.95494e-05 0.884438)
0.0400541     (20.0002 -6.94787e-05 0.884879)
0.0400762     (20.0002 -6.94916e-05 0.88532)
0.0400983     (20.0002 -6.95155e-05 0.885761)
0.0401204     (20.0002 -6.95423e-05 0.886201)
0.0401425     (20.0002 -6.95682e-05 0.886642)
0.0401646     (20.0002 -6.95929e-05 0.887082)
0.0401868     (20.0002 -6.96191e-05 0.887522)
0.0402089     (20.0002 -6.96436e-05 0.887962)
0.040231      (20.0002 -6.96599e-05 0.888402)
0.0402531     (20.0002 -6.96723e-05 0.888842)
0.0402752     (20.0002 -6.96827e-05 0.889282)
0.0402973     (20.0002 -6.96884e-05 0.889721)
0.0403194     (20.0002 -6.96964e-05 0.890161)
0.0403415     (20.0002 -6.97036e-05 0.8906)
0.0403636     (20.0002 -6.9709e-05 0.891039)
0.0403857     (20.0002 -6.97079e-05 0.891479)
0.0404078     (20.0002 -6.97028e-05 0.891918)
0.0404299     (20.0002 -6.9698e-05 0.892357)
0.040452      (20.0002 -6.96934e-05 0.892796)
0.0404741     (20.0002 -6.96874e-05 0.893235)
0.0404962     (20.0002 -6.96853e-05 0.893674)
0.0405183     (20.0002 -6.96829e-05 0.894112)
0.0405404     (20.0002 -6.96825e-05 0.894551)
0.0405625     (20.0002 -6.96782e-05 0.89499)
0.0405846     (20.0002 -6.96739e-05 0.895428)
0.0406068     (20.0002 -6.96667e-05 0.895867)
0.0406289     (20.0002 -6.96554e-05 0.896305)
0.040651      (20.0002 -6.96413e-05 0.896743)
0.0406731     (20.0002 -6.96261e-05 0.897181)
0.0406952     (20.0002 -6.96098e-05 0.897619)
0.0407173     (20.0002 -6.95941e-05 0.898057)
0.0407394     (20.0002 -6.9576e-05 0.898495)
0.0407615     (20.0002 -6.95534e-05 0.898933)
0.0407837     (20.0002 -6.95292e-05 0.89937)
0.0408058     (20.0002 -6.95099e-05 0.899808)
0.0408279     (20.0002 -6.94895e-05 0.900245)
0.04085       (20.0002 -6.94636e-05 0.900683)
0.0408721     (20.0002 -6.94357e-05 0.90112)
0.0408942     (20.0002 -6.94105e-05 0.901557)
0.0409163     (20.0002 -6.9382e-05 0.901994)
0.0409384     (20.0002 -6.9348e-05 0.902431)
0.0409606     (20.0002 -6.93142e-05 0.902868)
0.0409827     (20.0002 -6.92832e-05 0.903305)
0.0410048     (20.0002 -6.92537e-05 0.903742)
0.0410269     (20.0002 -6.92201e-05 0.904178)
0.041049      (20.0002 -6.91887e-05 0.904615)
0.0410711     (20.0002 -6.91556e-05 0.905051)
0.0410932     (20.0002 -6.91203e-05 0.905488)
0.0411154     (20.0002 -6.90839e-05 0.905924)
0.0411375     (20.0002 -6.90471e-05 0.90636)
0.0411596     (20.0002 -6.901e-05 0.906796)
0.0411817     (20.0002 -6.89724e-05 0.907232)
0.0412038     (20.0002 -6.89338e-05 0.907668)
0.0412259     (20.0002 -6.88961e-05 0.908103)
0.041248      (20.0002 -6.88596e-05 0.908539)
0.0412701     (20.0002 -6.88193e-05 0.908975)
0.0412923     (20.0002 -6.87762e-05 0.90941)
0.0413144     (20.0002 -6.87349e-05 0.909846)
0.0413365     (20.0002 -6.86939e-05 0.910281)
0.0413586     (20.0002 -6.86546e-05 0.910716)
0.0413807     (20.0002 -6.86133e-05 0.911151)
0.0414028     (20.0002 -6.85731e-05 0.911586)
0.0414249     (20.0002 -6.85346e-05 0.912021)
0.0414471     (20.0002 -6.84961e-05 0.912456)
0.0414692     (20.0002 -6.84555e-05 0.912891)
0.0414913     (20.0002 -6.84078e-05 0.913326)
0.0415134     (20.0002 -6.83605e-05 0.91376)
0.0415355     (20.0002 -6.83145e-05 0.914195)
0.0415576     (20.0002 -6.82664e-05 0.914629)
0.0415797     (20.0002 -6.82229e-05 0.915063)
0.0416018     (20.0002 -6.81798e-05 0.915498)
0.041624      (20.0002 -6.81419e-05 0.915932)
0.0416461     (20.0002 -6.81124e-05 0.916366)
0.0416682     (20.0002 -6.80573e-05 0.9168)
0.0416903     (20.0002 -6.79985e-05 0.917234)
0.0417124     (20.0002 -6.79388e-05 0.917667)
0.0417345     (20.0002 -6.78809e-05 0.918101)
0.0417566     (20.0002 -6.78262e-05 0.918535)
0.0417787     (20.0002 -6.77705e-05 0.918968)
0.0418009     (20.0002 -6.77147e-05 0.919402)
0.041823      (20.0002 -6.76597e-05 0.919835)
0.0418451     (20.0002 -6.76036e-05 0.920268)
0.0418672     (20.0002 -6.75506e-05 0.920701)
0.0418893     (20.0002 -6.74984e-05 0.921134)
0.0419114     (20.0002 -6.74464e-05 0.921567)
0.0419335     (20.0002 -6.73947e-05 0.922)
0.0419557     (20.0002 -6.73428e-05 0.922433)
0.0419778     (20.0002 -6.72902e-05 0.922866)
0.0419999     (20.0002 -6.72386e-05 0.923298)
0.042022      (20.0002 -6.71888e-05 0.923731)
0.0420441     (20.0002 -6.71407e-05 0.924163)
0.0420662     (20.0002 -6.70902e-05 0.924595)
0.0420883     (20.0002 -6.70373e-05 0.925028)
0.0421104     (20.0002 -6.6979e-05 0.92546)
0.0421326     (20.0002 -6.69181e-05 0.925892)
0.0421547     (20.0002 -6.68591e-05 0.926324)
0.0421768     (20.0002 -6.67996e-05 0.926756)
0.0421989     (20.0002 -6.67402e-05 0.927188)
0.042221      (20.0002 -6.66801e-05 0.927619)
0.0422431     (20.0002 -6.66213e-05 0.928051)
0.0422652     (20.0002 -6.65619e-05 0.928482)
0.0422874     (20.0002 -6.65057e-05 0.928914)
0.0423095     (20.0002 -6.64484e-05 0.929345)
0.0423316     (20.0002 -6.63995e-05 0.929776)
0.0423537     (20.0002 -6.63508e-05 0.930208)
0.0423758     (20.0002 -6.63031e-05 0.930639)
0.0423979     (20.0002 -6.62549e-05 0.93107)
0.04242       (20.0002 -6.6203e-05 0.931501)
0.0424421     (20.0002 -6.61501e-05 0.931931)
0.0424643     (20.0002 -6.60997e-05 0.932362)
0.0424864     (20.0002 -6.60495e-05 0.932793)
0.0425085     (20.0002 -6.60023e-05 0.933223)
0.0425306     (20.0002 -6.59549e-05 0.933654)
0.0425527     (20.0002 -6.59073e-05 0.934084)
0.0425748     (20.0002 -6.58619e-05 0.934514)
0.0425969     (20.0002 -6.58134e-05 0.934944)
0.042619      (20.0002 -6.57592e-05 0.935374)
0.0426412     (20.0002 -6.57033e-05 0.935804)
0.0426633     (20.0002 -6.56489e-05 0.936234)
0.0426854     (20.0002 -6.55979e-05 0.936664)
0.0427075     (20.0002 -6.55446e-05 0.937094)
0.0427296     (20.0002 -6.54876e-05 0.937523)
0.0427517     (20.0002 -6.54322e-05 0.937953)
0.0427738     (20.0002 -6.53713e-05 0.938382)
0.042796      (20.0002 -6.53096e-05 0.938812)
0.0428181     (20.0002 -6.52486e-05 0.939241)
0.0428402     (20.0002 -6.51883e-05 0.93967)
0.0428623     (20.0002 -6.51286e-05 0.940099)
0.0428844     (20.0002 -6.50689e-05 0.940528)
0.0429065     (20.0002 -6.50098e-05 0.940957)
0.0429286     (20.0002 -6.49496e-05 0.941386)
0.0429507     (20.0002 -6.48943e-05 0.941815)
0.0429729     (20.0002 -6.48363e-05 0.942243)
0.042995      (20.0002 -6.47774e-05 0.942672)
0.0430171     (20.0002 -6.47154e-05 0.9431)
0.0430392     (20.0002 -6.46522e-05 0.943528)
0.0430613     (20.0002 -6.4589e-05 0.943957)
0.0430834     (20.0002 -6.45313e-05 0.944385)
0.0431055     (20.0002 -6.44776e-05 0.944813)
0.0431277     (20.0002 -6.44201e-05 0.945241)
0.0431498     (20.0002 -6.43606e-05 0.945669)
0.0431719     (20.0002 -6.42952e-05 0.946097)
0.043194      (20.0002 -6.42188e-05 0.946524)
0.0432161     (20.0002 -6.41566e-05 0.946952)
0.0432382     (20.0002 -6.40977e-05 0.947379)
0.0432603     (20.0002 -6.40417e-05 0.947807)
0.0432824     (20.0002 -6.39877e-05 0.948234)
0.0433046     (20.0002 -6.39334e-05 0.948661)
0.0433267     (20.0002 -6.38834e-05 0.949088)
0.0433488     (20.0002 -6.38368e-05 0.949516)
0.0433709     (20.0002 -6.37964e-05 0.949942)
0.043393      (20.0002 -6.37504e-05 0.950369)
0.0434151     (20.0002 -6.37029e-05 0.950796)
0.0434372     (20.0002 -6.3654e-05 0.951223)
0.0434593     (20.0002 -6.36078e-05 0.951649)
0.0434815     (20.0002 -6.35649e-05 0.952076)
0.0435036     (20.0002 -6.35231e-05 0.952502)
0.0435257     (20.0002 -6.34815e-05 0.952929)
0.0435478     (20.0002 -6.34419e-05 0.953355)
0.0435699     (20.0002 -6.33998e-05 0.953781)
0.043592      (20.0002 -6.33585e-05 0.954207)
0.0436141     (20.0002 -6.33201e-05 0.954633)
0.0436363     (20.0002 -6.32826e-05 0.955059)
0.0436584     (20.0002 -6.32458e-05 0.955484)
0.0436805     (20.0002 -6.32098e-05 0.95591)
0.0437026     (20.0002 -6.31756e-05 0.956336)
0.0437247     (20.0002 -6.31391e-05 0.956761)
0.0437468     (20.0002 -6.31037e-05 0.957186)
0.0437689     (20.0002 -6.30645e-05 0.957612)
0.043791      (20.0002 -6.30239e-05 0.958037)
0.0438132     (20.0002 -6.29801e-05 0.958462)
0.0438353     (20.0002 -6.29435e-05 0.958887)
0.0438574     (20.0002 -6.29101e-05 0.959312)
0.0438795     (20.0002 -6.2877e-05 0.959737)
0.0439016     (20.0002 -6.28458e-05 0.960162)
0.0439237     (20.0002 -6.2814e-05 0.960586)
0.0439458     (20.0002 -6.27793e-05 0.961011)
0.043968      (20.0002 -6.27436e-05 0.961435)
0.0439901     (20.0002 -6.27081e-05 0.96186)
0.0440122     (20.0002 -6.26769e-05 0.962284)
0.0440343     (20.0002 -6.2648e-05 0.962708)
0.0440564     (20.0002 -6.26202e-05 0.963132)
0.0440785     (20.0002 -6.25882e-05 0.963556)
0.0441006     (20.0002 -6.25583e-05 0.96398)
0.0441227     (20.0002 -6.25348e-05 0.964404)
0.0441449     (20.0002 -6.25113e-05 0.964827)
0.044167      (20.0002 -6.24852e-05 0.965251)
0.0441891     (20.0002 -6.24521e-05 0.965675)
0.0442112     (20.0002 -6.24175e-05 0.966098)
0.0442333     (20.0002 -6.23843e-05 0.966521)
0.0442554     (20.0002 -6.23534e-05 0.966944)
0.0442775     (20.0002 -6.23253e-05 0.967368)
0.0442997     (20.0002 -6.22912e-05 0.967791)
0.0443218     (20.0002 -6.22546e-05 0.968214)
0.0443439     (20.0002 -6.22237e-05 0.968636)
0.044366      (20.0002 -6.2195e-05 0.969059)
0.0443881     (20.0002 -6.21665e-05 0.969482)
0.0444102     (20.0002 -6.21382e-05 0.969904)
0.0444323     (20.0002 -6.21102e-05 0.970327)
0.0444544     (20.0002 -6.20836e-05 0.970749)
0.0444766     (20.0002 -6.20567e-05 0.971172)
0.0444987     (20.0002 -6.20287e-05 0.971594)
0.0445208     (20.0002 -6.19949e-05 0.972016)
0.0445429     (20.0002 -6.19633e-05 0.972438)
0.044565      (20.0002 -6.19377e-05 0.97286)
0.0445871     (20.0002 -6.19129e-05 0.973282)
0.0446092     (20.0002 -6.18869e-05 0.973703)
0.0446313     (20.0002 -6.18599e-05 0.974125)
0.0446535     (20.0002 -6.18378e-05 0.974547)
0.0446756     (20.0002 -6.1813e-05 0.974968)
0.0446977     (20.0002 -6.17923e-05 0.975389)
0.0447198     (20.0002 -6.17716e-05 0.975811)
0.0447419     (20.0002 -6.1751e-05 0.976232)
0.044764      (20.0002 -6.17296e-05 0.976653)
0.0447861     (20.0002 -6.17042e-05 0.977074)
0.0448083     (20.0002 -6.16816e-05 0.977495)
0.0448304     (20.0002 -6.16646e-05 0.977915)
0.0448525     (20.0002 -6.16499e-05 0.978336)
0.0448746     (20.0002 -6.16381e-05 0.978757)
0.0448967     (20.0002 -6.16228e-05 0.979177)
0.0449188     (20.0002 -6.16087e-05 0.979598)
0.0449409     (20.0002 -6.15957e-05 0.980018)
0.044963      (20.0002 -6.15792e-05 0.980438)
0.0449852     (20.0002 -6.15623e-05 0.980858)
0.0450073     (20.0002 -6.15475e-05 0.981278)
0.0450294     (20.0002 -6.15376e-05 0.981698)
0.0450515     (20.0002 -6.15282e-05 0.982118)
0.0450736     (20.0002 -6.15192e-05 0.982538)
0.0450957     (20.0002 -6.15112e-05 0.982957)
0.0451178     (20.0002 -6.15058e-05 0.983377)
0.04514       (20.0002 -6.15018e-05 0.983796)
0.0451621     (20.0002 -6.14964e-05 0.984216)
0.0451842     (20.0002 -6.14875e-05 0.984635)
0.0452063     (20.0002 -6.14775e-05 0.985054)
0.0452284     (20.0002 -6.14678e-05 0.985473)
0.0452505     (20.0002 -6.14568e-05 0.985892)
0.0452726     (20.0002 -6.14483e-05 0.986311)
0.0452947     (20.0002 -6.14416e-05 0.98673)
0.0453169     (20.0002 -6.14343e-05 0.987149)
0.045339      (20.0002 -6.1426e-05 0.987567)
0.0453611     (20.0002 -6.14175e-05 0.987986)
0.0453832     (20.0002 -6.14106e-05 0.988404)
0.0454053     (20.0002 -6.13982e-05 0.988823)
0.0454274     (20.0002 -6.13861e-05 0.989241)
0.0454495     (20.0002 -6.13713e-05 0.989659)
0.0454716     (20.0002 -6.13577e-05 0.990077)
0.0454938     (20.0002 -6.13455e-05 0.990495)
0.0455159     (20.0002 -6.13343e-05 0.990913)
0.045538      (20.0002 -6.13234e-05 0.991331)
0.0455601     (20.0002 -6.13129e-05 0.991748)
0.0455822     (20.0002 -6.13026e-05 0.992166)
0.0456043     (20.0002 -6.12916e-05 0.992583)
0.0456264     (20.0002 -6.12846e-05 0.993001)
0.0456486     (20.0002 -6.12811e-05 0.993418)
0.0456707     (20.0002 -6.12747e-05 0.993835)
0.0456928     (20.0002 -6.12672e-05 0.994252)
0.0457149     (20.0002 -6.12593e-05 0.994669)
0.045737      (20.0002 -6.12471e-05 0.995086)
0.0457591     (20.0002 -6.12359e-05 0.995503)
0.0457812     (20.0002 -6.12217e-05 0.99592)
0.0458033     (20.0002 -6.12042e-05 0.996336)
0.0458255     (20.0002 -6.11913e-05 0.996753)
0.0458476     (20.0002 -6.11802e-05 0.997169)
0.0458697     (20.0002 -6.11688e-05 0.997586)
0.0458918     (20.0002 -6.11552e-05 0.998002)
0.0459139     (20.0002 -6.11387e-05 0.998418)
0.045936      (20.0002 -6.11329e-05 0.998834)
0.0459581     (20.0002 -6.11265e-05 0.99925)
0.0459803     (20.0002 -6.1123e-05 0.999666)
0.0460024     (20.0002 -6.11189e-05 1.00008)
0.0460245     (20.0002 -6.11161e-05 1.0005)
0.0460466     (20.0002 -6.11114e-05 1.00091)
0.0460687     (20.0002 -6.11062e-05 1.00133)
0.0460908     (20.0002 -6.10986e-05 1.00174)
0.0461129     (20.0002 -6.10914e-05 1.00216)
0.046135      (20.0002 -6.10882e-05 1.00257)
0.0461572     (20.0002 -6.10851e-05 1.00299)
0.0461793     (20.0002 -6.1082e-05 1.0034)
0.0462014     (20.0002 -6.10808e-05 1.00382)
0.0462235     (20.0002 -6.10794e-05 1.00423)
0.0462456     (20.0002 -6.10788e-05 1.00465)
0.0462677     (20.0002 -6.10788e-05 1.00506)
0.0462898     (20.0002 -6.10782e-05 1.00548)
0.0463119     (20.0002 -6.10771e-05 1.00589)
0.0463341     (20.0002 -6.10732e-05 1.00631)
0.0463562     (20.0002 -6.10683e-05 1.00672)
0.0463783     (20.0002 -6.10628e-05 1.00713)
0.0464004     (20.0002 -6.10593e-05 1.00755)
0.0464225     (20.0002 -6.10592e-05 1.00796)
0.0464446     (20.0002 -6.10565e-05 1.00838)
0.0464667     (20.0002 -6.10566e-05 1.00879)
0.0464889     (20.0002 -6.10574e-05 1.0092)
0.046511      (20.0002 -6.1063e-05 1.00962)
0.0465331     (20.0002 -6.1067e-05 1.01003)
0.0465552     (20.0002 -6.10659e-05 1.01044)
0.0465773     (20.0002 -6.10627e-05 1.01086)
0.0465994     (20.0002 -6.10582e-05 1.01127)
0.0466215     (20.0002 -6.10504e-05 1.01168)
0.0466436     (20.0002 -6.10461e-05 1.0121)
0.0466658     (20.0002 -6.10398e-05 1.01251)
0.0466879     (20.0002 -6.10484e-05 1.01292)
0.04671       (20.0002 -6.10577e-05 1.01333)
0.0467321     (20.0002 -6.10614e-05 1.01375)
0.0467542     (20.0002 -6.10639e-05 1.01416)
0.0467763     (20.0002 -6.10674e-05 1.01457)
0.0467984     (20.0002 -6.1074e-05 1.01498)
0.0468206     (20.0002 -6.10785e-05 1.0154)
0.0468427     (20.0002 -6.10833e-05 1.01581)
0.0468648     (20.0002 -6.1088e-05 1.01622)
0.0468869     (20.0002 -6.10934e-05 1.01663)
0.046909      (20.0002 -6.1099e-05 1.01704)
0.0469311     (20.0002 -6.11035e-05 1.01745)
0.0469532     (20.0002 -6.11078e-05 1.01787)
0.0469753     (20.0002 -6.11126e-05 1.01828)
0.0469975     (20.0002 -6.11168e-05 1.01869)
0.0470196     (20.0002 -6.11171e-05 1.0191)
0.0470417     (20.0002 -6.11152e-05 1.01951)
0.0470638     (20.0002 -6.11291e-05 1.01992)
0.0470859     (20.0002 -6.11364e-05 1.02033)
0.047108      (20.0002 -6.1139e-05 1.02074)
0.0471301     (20.0002 -6.11409e-05 1.02116)
0.0471522     (20.0002 -6.11425e-05 1.02157)
0.0471744     (20.0002 -6.11456e-05 1.02198)
0.0471965     (20.0002 -6.1151e-05 1.02239)
0.0472186     (20.0002 -6.11611e-05 1.0228)
0.0472407     (20.0002 -6.11739e-05 1.02321)
0.0472628     (20.0002 -6.11891e-05 1.02362)
0.0472849     (20.0002 -6.12048e-05 1.02403)
0.047307      (20.0002 -6.12126e-05 1.02444)
0.0473292     (20.0002 -6.12175e-05 1.02485)
0.0473513     (20.0002 -6.12214e-05 1.02526)
0.0473734     (20.0002 -6.12307e-05 1.02567)
0.0473955     (20.0002 -6.12421e-05 1.02608)
0.0474176     (20.0002 -6.1252e-05 1.02649)
0.0474397     (20.0002 -6.12615e-05 1.0269)
0.0474618     (20.0002 -6.12706e-05 1.02731)
0.0474839     (20.0002 -6.12795e-05 1.02771)
0.0475061     (20.0002 -6.12904e-05 1.02812)
0.0475282     (20.0002 -6.13e-05 1.02853)
0.0475503     (20.0002 -6.13081e-05 1.02894)
0.0475724     (20.0002 -6.13146e-05 1.02935)
0.0475945     (20.0002 -6.13193e-05 1.02976)
0.0476166     (20.0002 -6.13273e-05 1.03017)
0.0476387     (20.0002 -6.13318e-05 1.03058)
0.0476609     (20.0002 -6.13256e-05 1.03098)
0.047683      (20.0002 -6.13268e-05 1.03139)
0.0477051     (20.0002 -6.13272e-05 1.0318)
0.0477272     (20.0002 -6.13301e-05 1.03221)
0.0477493     (20.0002 -6.13446e-05 1.03262)
0.0477714     (20.0002 -6.13626e-05 1.03302)
0.0477935     (20.0002 -6.13815e-05 1.03343)
0.0478156     (20.0002 -6.14053e-05 1.03384)
0.0478378     (20.0002 -6.14233e-05 1.03425)
0.0478599     (20.0002 -6.14364e-05 1.03466)
0.047882      (20.0002 -6.14506e-05 1.03506)
0.0479041     (20.0002 -6.14661e-05 1.03547)
0.0479262     (20.0002 -6.14818e-05 1.03588)
0.0479483     (20.0002 -6.14964e-05 1.03628)
0.0479704     (20.0002 -6.15113e-05 1.03669)
0.0479925     (20.0002 -6.15232e-05 1.0371)
0.0480147     (20.0002 -6.15317e-05 1.03751)
0.0480368     (20.0002 -6.15409e-05 1.03791)
0.0480589     (20.0002 -6.15574e-05 1.03832)
0.048081      (20.0002 -6.1575e-05 1.03873)
0.0481031     (20.0002 -6.15928e-05 1.03913)
0.0481252     (20.0002 -6.16084e-05 1.03954)
0.0481473     (20.0002 -6.16242e-05 1.03994)
0.0481695     (20.0002 -6.16397e-05 1.04035)
0.0481916     (20.0002 -6.16544e-05 1.04076)
0.0482137     (20.0002 -6.16711e-05 1.04116)
0.0482358     (20.0002 -6.16914e-05 1.04157)
0.0482579     (20.0002 -6.17128e-05 1.04197)
0.04828       (20.0002 -6.17362e-05 1.04238)
0.0483021     (20.0002 -6.17572e-05 1.04279)
0.0483242     (20.0002 -6.1776e-05 1.04319)
0.0483464     (20.0002 -6.17952e-05 1.0436)
0.0483685     (20.0002 -6.18153e-05 1.044)
0.0483906     (20.0002 -6.18358e-05 1.04441)
0.0484127     (20.0002 -6.1856e-05 1.04481)
0.0484348     (20.0002 -6.1879e-05 1.04522)
0.0484569     (20.0002 -6.1902e-05 1.04562)
0.048479      (20.0002 -6.19215e-05 1.04603)
0.0485012     (20.0002 -6.19414e-05 1.04643)
0.0485233     (20.0002 -6.1962e-05 1.04684)
0.0485454     (20.0002 -6.19862e-05 1.04724)
0.0485675     (20.0002 -6.20122e-05 1.04764)
0.0485896     (20.0002 -6.20393e-05 1.04805)
0.0486117     (20.0002 -6.20737e-05 1.04845)
0.0486338     (20.0002 -6.21412e-05 1.04886)
0.0486559     (20.0002 -6.21563e-05 1.04926)
0.0486781     (20.0002 -6.21562e-05 1.04966)
0.0487002     (20.0002 -6.2154e-05 1.05007)
0.0487223     (20.0002 -6.21512e-05 1.05047)
0.0487444     (20.0002 -6.21501e-05 1.05088)
0.0487665     (20.0002 -6.21506e-05 1.05128)
0.0487886     (20.0002 -6.21496e-05 1.05168)
0.0488107     (20.0002 -6.21462e-05 1.05208)
0.0488328     (20.0002 -6.2148e-05 1.05249)
0.048855      (20.0002 -6.2153e-05 1.05289)
0.0488771     (20.0002 -6.21476e-05 1.05329)
0.0488992     (20.0002 -6.21406e-05 1.0537)
0.0489213     (20.0002 -6.21352e-05 1.0541)
0.0489434     (20.0002 -6.21303e-05 1.0545)
0.0489655     (20.0002 -6.21255e-05 1.0549)
0.0489876     (20.0002 -6.21195e-05 1.05531)
0.0490098     (20.0002 -6.21148e-05 1.05571)
0.0490319     (20.0002 -6.21128e-05 1.05611)
0.049054      (20.0002 -6.21118e-05 1.05651)
0.0490761     (20.0002 -6.21113e-05 1.05692)
0.0490982     (20.0002 -6.21172e-05 1.05732)
0.0491203     (20.0002 -6.21214e-05 1.05772)
0.0491424     (20.0002 -6.2122e-05 1.05812)
0.0491645     (20.0002 -6.21211e-05 1.05852)
0.0491867     (20.0002 -6.21184e-05 1.05892)
0.0492088     (20.0002 -6.21136e-05 1.05933)
0.0492309     (20.0002 -6.21125e-05 1.05973)
0.049253      (20.0002 -6.211e-05 1.06013)
0.0492751     (20.0002 -6.21102e-05 1.06053)
0.0492972     (20.0002 -6.21129e-05 1.06093)
0.0493193     (20.0002 -6.21158e-05 1.06133)
0.0493415     (20.0002 -6.21168e-05 1.06173)
0.0493636     (20.0002 -6.21168e-05 1.06213)
0.0493857     (20.0002 -6.21208e-05 1.06253)
0.0494078     (20.0002 -6.21273e-05 1.06293)
0.0494299     (20.0002 -6.21313e-05 1.06333)
0.049452      (20.0002 -6.21357e-05 1.06373)
0.0494741     (20.0002 -6.21392e-05 1.06414)
0.0494962     (20.0002 -6.21386e-05 1.06454)
0.0495184     (20.0002 -6.21363e-05 1.06494)
0.0495405     (20.0002 -6.21354e-05 1.06534)
0.0495626     (20.0002 -6.21359e-05 1.06573)
0.0495847     (20.0002 -6.21369e-05 1.06613)
0.0496068     (20.0002 -6.21354e-05 1.06653)
0.0496289     (20.0002 -6.21326e-05 1.06693)
0.049651      (20.0002 -6.21306e-05 1.06733)
0.0496732     (20.0002 -6.21282e-05 1.06773)
0.0496953     (20.0002 -6.21258e-05 1.06813)
0.0497174     (20.0002 -6.21234e-05 1.06853)
0.0497395     (20.0002 -6.21206e-05 1.06893)
0.0497616     (20.0002 -6.21171e-05 1.06933)
0.0497837     (20.0002 -6.21121e-05 1.06973)
0.0498058     (20.0002 -6.21093e-05 1.07013)
0.0498279     (20.0002 -6.21113e-05 1.07052)
0.0498501     (20.0002 -6.21138e-05 1.07092)
0.0498722     (20.0002 -6.21162e-05 1.07132)
0.0498943     (20.0002 -6.21203e-05 1.07172)
0.0499164     (20.0002 -6.21199e-05 1.07212)
0.0499385     (20.0002 -6.21188e-05 1.07252)
0.0499606     (20.0002 -6.21142e-05 1.07291)
0.0499827     (20.0002 -6.21148e-05 1.07331)
0.0500048     (20.0002 -6.21192e-05 1.07371)
0.050027      (20.0002 -6.21201e-05 1.07411)
0.0500491     (20.0002 -6.21192e-05 1.0745)
0.0500712     (20.0002 -6.21161e-05 1.0749)
0.0500933     (20.0002 -6.21129e-05 1.0753)
0.0501154     (20.0002 -6.21073e-05 1.0757)
0.0501375     (20.0002 -6.21008e-05 1.07609)
0.0501596     (20.0002 -6.20937e-05 1.07649)
0.0501818     (20.0002 -6.20863e-05 1.07689)
0.0502039     (20.0002 -6.20776e-05 1.07728)
0.050226      (20.0002 -6.20662e-05 1.07768)
0.0502481     (20.0002 -6.20587e-05 1.07808)
0.0502702     (20.0002 -6.20532e-05 1.07847)
0.0502923     (20.0002 -6.20473e-05 1.07887)
0.0503144     (20.0002 -6.20407e-05 1.07927)
0.0503365     (20.0002 -6.20362e-05 1.07966)
0.0503587     (20.0002 -6.20338e-05 1.08006)
0.0503808     (20.0002 -6.20316e-05 1.08046)
0.0504029     (20.0002 -6.2025e-05 1.08085)
0.050425      (20.0002 -6.20158e-05 1.08125)
0.0504471     (20.0002 -6.20055e-05 1.08164)
0.0504692     (20.0002 -6.19982e-05 1.08204)
0.0504913     (20.0002 -6.19904e-05 1.08243)
0.0505135     (20.0002 -6.19795e-05 1.08283)
0.0505356     (20.0002 -6.19682e-05 1.08322)
0.0505577     (20.0002 -6.19579e-05 1.08362)
0.0505798     (20.0002 -6.19504e-05 1.08402)
0.0506019     (20.0002 -6.19406e-05 1.08441)
0.050624      (20.0002 -6.19313e-05 1.08481)
0.0506461     (20.0002 -6.19239e-05 1.0852)
0.0506682     (20.0002 -6.19162e-05 1.08559)
0.0506904     (20.0002 -6.19075e-05 1.08599)
0.0507125     (20.0002 -6.18992e-05 1.08638)
0.0507346     (20.0002 -6.18919e-05 1.08678)
0.0507567     (20.0002 -6.18841e-05 1.08717)
0.0507788     (20.0002 -6.18788e-05 1.08757)
0.0508009     (20.0002 -6.18748e-05 1.08796)
0.050823      (20.0002 -6.18691e-05 1.08835)
0.0508451     (20.0002 -6.18707e-05 1.08875)
0.0508673     (20.0002 -6.18698e-05 1.08914)
0.0508894     (20.0002 -6.1871e-05 1.08954)
0.0509115     (20.0002 -6.18693e-05 1.08993)
0.0509336     (20.0002 -6.18675e-05 1.09032)
0.0509557     (20.0002 -6.18637e-05 1.09072)
0.0509778     (20.0002 -6.18594e-05 1.09111)
0.0509999     (20.0002 -6.18562e-05 1.0915)
0.0510221     (20.0002 -6.18511e-05 1.0919)
0.0510442     (20.0002 -6.18423e-05 1.09229)
0.0510663     (20.0002 -6.18379e-05 1.09268)
0.0510884     (20.0002 -6.18334e-05 1.09307)
0.0511105     (20.0002 -6.18305e-05 1.09347)
0.0511326     (20.0002 -6.18292e-05 1.09386)
0.0511547     (20.0002 -6.183e-05 1.09425)
0.0511768     (20.0002 -6.18348e-05 1.09464)
0.051199      (20.0002 -6.18516e-05 1.09504)
0.0512211     (20.0002 -6.18584e-05 1.09543)
0.0512432     (20.0002 -6.18601e-05 1.09582)
0.0512653     (20.0002 -6.18568e-05 1.09621)
0.0512874     (20.0002 -6.18496e-05 1.0966)
0.0513095     (20.0002 -6.18425e-05 1.097)
0.0513316     (20.0002 -6.18361e-05 1.09739)
0.0513538     (20.0002 -6.18299e-05 1.09778)
0.0513759     (20.0002 -6.18201e-05 1.09817)
0.051398      (20.0002 -6.18083e-05 1.09856)
0.0514201     (20.0002 -6.17946e-05 1.09895)
0.0514422     (20.0002 -6.17829e-05 1.09934)
0.0514643     (20.0002 -6.17744e-05 1.09973)
0.0514864     (20.0002 -6.17657e-05 1.10013)
0.0515085     (20.0002 -6.17549e-05 1.10052)
0.0515307     (20.0002 -6.17465e-05 1.10091)
0.0515528     (20.0002 -6.17389e-05 1.1013)
0.0515749     (20.0002 -6.17313e-05 1.10169)
0.051597      (20.0002 -6.17233e-05 1.10208)
0.0516191     (20.0002 -6.17141e-05 1.10247)
0.0516412     (20.0002 -6.17062e-05 1.10286)
0.0516633     (20.0002 -6.17001e-05 1.10325)
0.0516854     (20.0002 -6.16888e-05 1.10364)
0.0517076     (20.0002 -6.1675e-05 1.10403)
0.0517297     (20.0002 -6.16625e-05 1.10442)
0.0517518     (20.0002 -6.16509e-05 1.10481)
0.0517739     (20.0002 -6.16389e-05 1.1052)
0.051796      (20.0002 -6.16274e-05 1.10559)
0.0518181     (20.0002 -6.16144e-05 1.10598)
0.0518402     (20.0002 -6.15925e-05 1.10636)
0.0518624     (20.0002 -6.15962e-05 1.10675)
0.0518845     (20.0002 -6.15861e-05 1.10714)
0.0519066     (20.0002 -6.15721e-05 1.10753)
0.0519287     (20.0002 -6.15557e-05 1.10792)
0.0519508     (20.0002 -6.15387e-05 1.10831)
0.0519729     (20.0002 -6.15243e-05 1.1087)
0.051995      (20.0002 -6.151e-05 1.10909)
0.0520171     (20.0002 -6.14936e-05 1.10947)
0.0520393     (20.0002 -6.14764e-05 1.10986)
0.0520614     (20.0002 -6.14595e-05 1.11025)
0.0520835     (20.0002 -6.14418e-05 1.11064)
0.0521056     (20.0002 -6.14241e-05 1.11103)
0.0521277     (20.0002 -6.14056e-05 1.11141)
0.0521498     (20.0002 -6.13838e-05 1.1118)
0.0521719     (20.0002 -6.13622e-05 1.11219)
0.0521941     (20.0002 -6.13386e-05 1.11258)
0.0522162     (20.0002 -6.13136e-05 1.11296)
0.0522383     (20.0002 -6.12936e-05 1.11335)
0.0522604     (20.0002 -6.12746e-05 1.11374)
0.0522825     (20.0002 -6.1259e-05 1.11413)
0.0523046     (20.0002 -6.12452e-05 1.11451)
0.0523267     (20.0002 -6.12322e-05 1.1149)
0.0523488     (20.0002 -6.12196e-05 1.11529)
0.052371      (20.0002 -6.1208e-05 1.11567)
0.0523931     (20.0002 -6.11906e-05 1.11606)
0.0524152     (20.0002 -6.11718e-05 1.11645)
0.0524373     (20.0002 -6.1155e-05 1.11683)
0.0524594     (20.0002 -6.11352e-05 1.11722)
0.0524815     (20.0002 -6.11157e-05 1.11761)
0.0525036     (20.0002 -6.10971e-05 1.11799)
0.0525257     (20.0002 -6.10787e-05 1.11838)
0.0525479     (20.0002 -6.10591e-05 1.11876)
0.05257       (20.0002 -6.10386e-05 1.11915)
0.0525921     (20.0002 -6.10164e-05 1.11953)
0.0526142     (20.0002 -6.09937e-05 1.11992)
0.0526363     (20.0002 -6.09704e-05 1.12031)
0.0526584     (20.0002 -6.09478e-05 1.12069)
0.0526805     (20.0002 -6.0926e-05 1.12108)
0.0527027     (20.0002 -6.09059e-05 1.12146)
0.0527248     (20.0002 -6.08883e-05 1.12185)
0.0527469     (20.0002 -6.08705e-05 1.12223)
0.052769      (20.0002 -6.08444e-05 1.12262)
0.0527911     (20.0002 -6.08176e-05 1.123)
0.0528132     (20.0002 -6.07905e-05 1.12339)
0.0528353     (20.0002 -6.07603e-05 1.12377)
0.0528574     (20.0002 -6.07296e-05 1.12415)
0.0528796     (20.0002 -6.06997e-05 1.12454)
0.0529017     (20.0002 -6.06719e-05 1.12492)
0.0529238     (20.0002 -6.06428e-05 1.12531)
0.0529459     (20.0002 -6.06127e-05 1.12569)
0.052968      (20.0002 -6.0584e-05 1.12607)
0.0529901     (20.0002 -6.05564e-05 1.12646)
0.0530122     (20.0002 -6.05233e-05 1.12684)
0.0530344     (20.0002 -6.04899e-05 1.12723)
0.0530565     (20.0002 -6.0452e-05 1.12761)
0.0530786     (20.0002 -6.04126e-05 1.12799)
0.0531007     (20.0002 -6.03725e-05 1.12837)
0.0531228     (20.0002 -6.03309e-05 1.12876)
0.0531449     (20.0002 -6.02918e-05 1.12914)
0.053167      (20.0002 -6.02519e-05 1.12952)
0.0531891     (20.0002 -6.02106e-05 1.12991)
0.0532113     (20.0002 -6.01722e-05 1.13029)
0.0532334     (20.0002 -6.01374e-05 1.13067)
0.0532555     (20.0002 -6.01001e-05 1.13105)
0.0532776     (20.0002 -6.00609e-05 1.13144)
0.0532997     (20.0002 -6.00235e-05 1.13182)
0.0533218     (20.0002 -5.99889e-05 1.1322)
0.0533439     (20.0002 -5.99547e-05 1.13258)
0.053366      (20.0002 -5.99204e-05 1.13296)
0.0533882     (20.0002 -5.98788e-05 1.13335)
0.0534103     (20.0002 -5.98467e-05 1.13373)
0.0534324     (20.0002 -5.98171e-05 1.13411)
0.0534545     (20.0002 -5.97809e-05 1.13449)
0.0534766     (20.0002 -5.97457e-05 1.13487)
0.0534987     (20.0002 -5.9713e-05 1.13525)
0.0535208     (20.0002 -5.96809e-05 1.13563)
0.053543      (20.0002 -5.96492e-05 1.13602)
0.0535651     (20.0002 -5.96196e-05 1.1364)
0.0535872     (20.0002 -5.95872e-05 1.13678)
0.0536093     (20.0002 -5.9553e-05 1.13716)
0.0536314     (20.0002 -5.95176e-05 1.13754)
0.0536535     (20.0002 -5.94786e-05 1.13792)
0.0536756     (20.0002 -5.9435e-05 1.1383)
0.0536977     (20.0002 -5.93894e-05 1.13868)
0.0537199     (20.0002 -5.93451e-05 1.13906)
0.053742      (20.0002 -5.93018e-05 1.13944)
0.0537641     (20.0002 -5.92629e-05 1.13982)
0.0537862     (20.0002 -5.9226e-05 1.1402)
0.0538083     (20.0002 -5.91848e-05 1.14058)
0.0538304     (20.0002 -5.91396e-05 1.14096)
0.0538525     (20.0002 -5.90945e-05 1.14134)
0.0538747     (20.0002 -5.905e-05 1.14172)
0.0538968     (20.0002 -5.90041e-05 1.1421)
0.0539189     (20.0002 -5.89544e-05 1.14248)
0.053941      (20.0002 -5.89127e-05 1.14286)
0.0539631     (20.0002 -5.88745e-05 1.14324)
0.0539852     (20.0002 -5.88392e-05 1.14361)
0.0540073     (20.0002 -5.88104e-05 1.14399)
0.0540294     (20.0002 -5.87688e-05 1.14437)
0.0540516     (20.0002 -5.87255e-05 1.14475)
0.0540737     (20.0002 -5.86822e-05 1.14513)
0.0540958     (20.0002 -5.86394e-05 1.14551)
0.0541179     (20.0002 -5.85971e-05 1.14588)
0.05414       (20.0002 -5.85548e-05 1.14626)
0.0541621     (20.0002 -5.85138e-05 1.14664)
0.0541842     (20.0002 -5.84714e-05 1.14702)
0.0542063     (20.0002 -5.84282e-05 1.1474)
0.0542285     (20.0002 -5.83833e-05 1.14777)
0.0542506     (20.0002 -5.83353e-05 1.14815)
0.0542727     (20.0002 -5.82946e-05 1.14853)
0.0542948     (20.0002 -5.82543e-05 1.14891)
0.0543169     (20.0002 -5.82125e-05 1.14928)
0.054339      (20.0002 -5.81688e-05 1.14966)
0.0543611     (20.0002 -5.81281e-05 1.15004)
0.0543833     (20.0002 -5.80886e-05 1.15042)
0.0544054     (20.0002 -5.80482e-05 1.15079)
0.0544275     (20.0002 -5.80079e-05 1.15117)
0.0544496     (20.0002 -5.79667e-05 1.15155)
0.0544717     (20.0002 -5.79248e-05 1.15192)
0.0544938     (20.0002 -5.78849e-05 1.1523)
0.0545159     (20.0002 -5.78444e-05 1.15267)
0.054538      (20.0002 -5.78019e-05 1.15305)
0.0545602     (20.0002 -5.77601e-05 1.15343)
0.0545823     (20.0002 -5.77162e-05 1.1538)
0.0546044     (20.0002 -5.76685e-05 1.15418)
0.0546265     (20.0002 -5.7622e-05 1.15455)
0.0546486     (20.0002 -5.75761e-05 1.15493)
0.0546707     (20.0002 -5.75338e-05 1.15531)
0.0546928     (20.0002 -5.74914e-05 1.15568)
0.054715      (20.0002 -5.74479e-05 1.15606)
0.0547371     (20.0002 -5.74015e-05 1.15643)
0.0547592     (20.0002 -5.73602e-05 1.15681)
0.0547813     (20.0002 -5.73206e-05 1.15718)
0.0548034     (20.0002 -5.72797e-05 1.15756)
0.0548255     (20.0002 -5.72415e-05 1.15793)
0.0548476     (20.0002 -5.72084e-05 1.15831)
0.0548697     (20.0002 -5.71738e-05 1.15868)
0.0548919     (20.0002 -5.71381e-05 1.15905)
0.054914      (20.0002 -5.70941e-05 1.15943)
0.0549361     (20.0002 -5.70489e-05 1.1598)
0.0549582     (20.0002 -5.70004e-05 1.16018)
0.0549803     (20.0002 -5.69507e-05 1.16055)
0.0550024     (20.0002 -5.69007e-05 1.16093)
0.0550245     (20.0002 -5.6849e-05 1.1613)
0.0550467     (20.0002 -5.67997e-05 1.16167)
0.0550688     (20.0002 -5.67516e-05 1.16205)
0.0550909     (20.0002 -5.67038e-05 1.16242)
0.055113      (20.0002 -5.66591e-05 1.16279)
0.0551351     (20.0002 -5.66141e-05 1.16317)
0.0551572     (20.0002 -5.65675e-05 1.16354)
0.0551793     (20.0002 -5.65225e-05 1.16391)
0.0552014     (20.0002 -5.64774e-05 1.16429)
0.0552236     (20.0002 -5.64318e-05 1.16466)
0.0552457     (20.0002 -5.63784e-05 1.16503)
0.0552678     (20.0002 -5.63225e-05 1.1654)
0.0552899     (20.0002 -5.62687e-05 1.16578)
0.055312      (20.0002 -5.62103e-05 1.16615)
0.0553341     (20.0002 -5.61607e-05 1.16652)
0.0553562     (20.0002 -5.61164e-05 1.16689)
0.0553783     (20.0002 -5.60728e-05 1.16726)
0.0554005     (20.0002 -5.60325e-05 1.16764)
0.0554226     (20.0002 -5.59917e-05 1.16801)
0.0554447     (20.0002 -5.59491e-05 1.16838)
0.0554668     (20.0002 -5.58941e-05 1.16875)
0.0554889     (20.0002 -5.58394e-05 1.16912)
0.055511      (20.0002 -5.57878e-05 1.16949)
0.0555331     (20.0002 -5.57349e-05 1.16987)
0.0555553     (20.0002 -5.56804e-05 1.17024)
0.0555774     (20.0002 -5.56265e-05 1.17061)
0.0555995     (20.0002 -5.55706e-05 1.17098)
0.0556216     (20.0002 -5.55156e-05 1.17135)
0.0556437     (20.0002 -5.54635e-05 1.17172)
0.0556658     (20.0002 -5.54114e-05 1.17209)
0.0556879     (20.0002 -5.53585e-05 1.17246)
0.05571       (20.0002 -5.53038e-05 1.17283)
0.0557322     (20.0002 -5.52514e-05 1.1732)
0.0557543     (20.0002 -5.52e-05 1.17357)
0.0557764     (20.0002 -5.51415e-05 1.17394)
0.0557985     (20.0002 -5.50752e-05 1.17431)
0.0558206     (20.0002 -5.50044e-05 1.17468)
0.0558427     (20.0002 -5.49268e-05 1.17505)
0.0558648     (20.0002 -5.48331e-05 1.17542)
0.055887      (20.0002 -5.45994e-05 1.17579)
0.0559091     (20.0002 -5.45149e-05 1.17616)
0.0559312     (20.0002 -5.44915e-05 1.17653)
0.0559533     (20.0002 -5.4474e-05 1.1769)
0.0559754     (20.0002 -5.44562e-05 1.17727)
0.0559975     (20.0002 -5.44393e-05 1.17764)
0.0560196     (20.0002 -5.44219e-05 1.17801)
0.0560417     (20.0002 -5.44027e-05 1.17838)
0.0560639     (20.0002 -5.43818e-05 1.17874)
0.056086      (20.0002 -5.43596e-05 1.17911)
0.0561081     (20.0002 -5.43389e-05 1.17948)
0.0561302     (20.0002 -5.43192e-05 1.17985)
0.0561523     (20.0002 -5.43015e-05 1.18022)
0.0561744     (20.0002 -5.42844e-05 1.18058)
0.0561965     (20.0002 -5.42596e-05 1.18095)
0.0562186     (20.0002 -5.42286e-05 1.18132)
0.0562408     (20.0002 -5.41956e-05 1.18169)
0.0562629     (20.0002 -5.41637e-05 1.18206)
0.056285      (20.0002 -5.41286e-05 1.18242)
0.0563071     (20.0002 -5.4087e-05 1.18279)
0.0563292     (20.0002 -5.40434e-05 1.18316)
0.0563513     (20.0002 -5.40022e-05 1.18353)
0.0563734     (20.0002 -5.3961e-05 1.18389)
0.0563956     (20.0002 -5.39152e-05 1.18426)
0.0564177     (20.0002 -5.3871e-05 1.18463)
0.0564398     (20.0002 -5.38273e-05 1.18499)
0.0564619     (20.0002 -5.37827e-05 1.18536)
0.056484      (20.0002 -5.37329e-05 1.18573)
0.0565061     (20.0002 -5.36837e-05 1.18609)
0.0565282     (20.0002 -5.36367e-05 1.18646)
0.0565503     (20.0002 -5.35894e-05 1.18682)
0.0565725     (20.0002 -5.35415e-05 1.18719)
0.0565946     (20.0002 -5.34931e-05 1.18756)
0.0566167     (20.0002 -5.34448e-05 1.18792)
0.0566388     (20.0002 -5.33968e-05 1.18829)
0.0566609     (20.0002 -5.33486e-05 1.18865)
0.056683      (20.0002 -5.33012e-05 1.18902)
0.0567051     (20.0002 -5.32498e-05 1.18938)
0.0567273     (20.0002 -5.31955e-05 1.18975)
0.0567494     (20.0002 -5.31394e-05 1.19012)
0.0567715     (20.0002 -5.30845e-05 1.19048)
0.0567936     (20.0002 -5.30257e-05 1.19084)
0.0568157     (20.0002 -5.29673e-05 1.19121)
0.0568378     (20.0002 -5.2911e-05 1.19157)
0.0568599     (20.0002 -5.28553e-05 1.19194)
0.056882      (20.0002 -5.27954e-05 1.1923)
0.0569042     (20.0002 -5.27396e-05 1.19267)
0.0569263     (20.0002 -5.2685e-05 1.19303)
0.0569484     (20.0002 -5.26172e-05 1.1934)
0.0569705     (20.0002 -5.25464e-05 1.19376)
0.0569926     (20.0002 -5.24802e-05 1.19412)
0.0570147     (20.0002 -5.24161e-05 1.19449)
0.0570368     (20.0002 -5.23504e-05 1.19485)
0.0570589     (20.0002 -5.2289e-05 1.19522)
0.0570811     (20.0002 -5.22294e-05 1.19558)
0.0571032     (20.0002 -5.21698e-05 1.19594)
0.0571253     (20.0002 -5.21098e-05 1.19631)
0.0571474     (20.0002 -5.20445e-05 1.19667)
0.0571695     (20.0002 -5.19781e-05 1.19703)
0.0571916     (20.0002 -5.191e-05 1.19739)
0.0572137     (20.0002 -5.18377e-05 1.19776)
0.0572359     (20.0002 -5.17716e-05 1.19812)
0.057258      (20.0002 -5.1705e-05 1.19848)
0.0572801     (20.0002 -5.16349e-05 1.19885)
0.0573022     (20.0002 -5.15576e-05 1.19921)
0.0573243     (20.0002 -5.1483e-05 1.19957)
0.0573464     (20.0002 -5.14118e-05 1.19993)
0.0573685     (20.0002 -5.13408e-05 1.20029)
0.0573906     (20.0002 -5.12743e-05 1.20066)
0.0574128     (20.0002 -5.1206e-05 1.20102)
0.0574349     (20.0002 -5.11299e-05 1.20138)
0.057457      (20.0002 -5.10551e-05 1.20174)
0.0574791     (20.0002 -5.09808e-05 1.2021)
0.0575012     (20.0002 -5.09049e-05 1.20246)
0.0575233     (20.0002 -5.08313e-05 1.20282)
0.0575454     (20.0002 -5.07588e-05 1.20319)
0.0575676     (20.0002 -5.06849e-05 1.20355)
0.0575897     (20.0002 -5.06094e-05 1.20391)
0.0576118     (20.0002 -5.05314e-05 1.20427)
0.0576339     (20.0002 -5.04552e-05 1.20463)
0.057656      (20.0002 -5.03771e-05 1.20499)
0.0576781     (20.0002 -5.02935e-05 1.20535)
0.0577002     (20.0002 -5.02063e-05 1.20571)
0.0577223     (20.0002 -5.01128e-05 1.20607)
0.0577445     (20.0002 -5.002e-05 1.20643)
0.0577666     (20.0002 -4.99244e-05 1.20679)
0.0577887     (20.0002 -4.98269e-05 1.20715)
0.0578108     (20.0002 -4.97253e-05 1.20751)
0.0578329     (20.0002 -4.96212e-05 1.20787)
0.057855      (20.0002 -4.95102e-05 1.20823)
0.0578771     (20.0002 -4.93931e-05 1.20859)
0.0578992     (20.0002 -4.92708e-05 1.20895)
0.0579214     (20.0002 -4.91378e-05 1.20931)
0.0579435     (20.0002 -4.89969e-05 1.20967)
0.0579656     (20.0002 -4.88455e-05 1.21003)
0.0579877     (20.0002 -4.86781e-05 1.21038)
0.0580098     (20.0002 -4.84864e-05 1.21074)
0.0580319     (20.0002 -4.82652e-05 1.2111)
0.058054      (20.0002 -4.79544e-05 1.21146)
0.0580762     (20.0002 -4.74212e-05 1.21182)
0.0580983     (20.0002 -4.68939e-05 1.21218)
0.0581204     (20.0002 -4.66005e-05 1.21253)
0.0581425     (20.0002 -4.63906e-05 1.21289)
0.0581646     (20.0002 -4.62235e-05 1.21325)
0.0581867     (20.0002 -4.60784e-05 1.21361)
0.0582088     (20.0002 -4.59507e-05 1.21396)
0.0582309     (20.0002 -4.58441e-05 1.21432)
0.0582531     (20.0002 -4.57508e-05 1.21468)
0.0582752     (20.0002 -4.56698e-05 1.21504)
0.0582973     (20.0002 -4.56003e-05 1.21539)
0.0583194     (20.0002 -4.55347e-05 1.21575)
0.0583415     (20.0002 -4.54737e-05 1.21611)
0.0583636     (20.0002 -4.54162e-05 1.21647)
0.0583857     (20.0002 -4.53629e-05 1.21682)
0.0584079     (20.0002 -4.53156e-05 1.21718)
0.05843       (20.0002 -4.52736e-05 1.21754)
0.0584521     (20.0002 -4.52325e-05 1.21789)
0.0584742     (20.0002 -4.5197e-05 1.21825)
0.0584963     (20.0002 -4.51682e-05 1.21861)
0.0585184     (20.0002 -4.51427e-05 1.21896)
0.0585405     (20.0002 -4.51242e-05 1.21932)
0.0585626     (20.0002 -4.50955e-05 1.21967)
0.0585848     (20.0002 -4.50605e-05 1.22003)
0.0586069     (20.0002 -4.5027e-05 1.22039)
0.058629      (20.0002 -4.50009e-05 1.22074)
0.0586511     (20.0002 -4.49791e-05 1.2211)
0.0586732     (20.0002 -4.49614e-05 1.22145)
0.0586953     (20.0002 -4.49329e-05 1.22181)
0.0587174     (20.0002 -4.49012e-05 1.22216)
0.0587395     (20.0002 -4.48702e-05 1.22252)
0.0587617     (20.0002 -4.48452e-05 1.22287)
0.0587838     (20.0002 -4.48193e-05 1.22323)
0.0588059     (20.0002 -4.47904e-05 1.22358)
0.058828      (20.0002 -4.47621e-05 1.22394)
0.0588501     (20.0002 -4.4734e-05 1.22429)
0.0588722     (20.0002 -4.47004e-05 1.22465)
0.0588943     (20.0002 -4.4663e-05 1.225)
0.0589165     (20.0002 -4.4626e-05 1.22535)
0.0589386     (20.0002 -4.45888e-05 1.22571)
0.0589607     (20.0002 -4.45489e-05 1.22606)
0.0589828     (20.0002 -4.45073e-05 1.22642)
0.0590049     (20.0002 -4.44617e-05 1.22677)
0.059027      (20.0002 -4.44404e-05 1.22712)
0.0590491     (20.0002 -4.44229e-05 1.22748)
0.0590712     (20.0002 -4.43984e-05 1.22783)
0.0590934     (20.0002 -4.43742e-05 1.22818)
0.0591155     (20.0002 -4.43495e-05 1.22854)
0.0591376     (20.0002 -4.43248e-05 1.22889)
0.0591597     (20.0002 -4.42998e-05 1.22924)
0.0591818     (20.0002 -4.42756e-05 1.2296)
0.0592039     (20.0002 -4.4251e-05 1.22995)
0.059226      (20.0002 -4.42261e-05 1.2303)
0.0592482     (20.0002 -4.42013e-05 1.23065)
0.0592703     (20.0002 -4.41765e-05 1.23101)
0.0592924     (20.0002 -4.41529e-05 1.23136)
0.0593145     (20.0002 -4.41305e-05 1.23171)
0.0593366     (20.0002 -4.4104e-05 1.23206)
0.0593587     (20.0002 -4.40731e-05 1.23241)
0.0593808     (20.0002 -4.40383e-05 1.23277)
0.0594029     (20.0002 -4.39945e-05 1.23312)
0.0594251     (20.0002 -4.39649e-05 1.23347)
0.0594472     (20.0002 -4.39393e-05 1.23382)
0.0594693     (20.0002 -4.39144e-05 1.23417)
0.0594914     (20.0002 -4.38883e-05 1.23452)
0.0595135     (20.0002 -4.38617e-05 1.23487)
0.0595356     (20.0002 -4.38338e-05 1.23523)
0.0595577     (20.0002 -4.38033e-05 1.23558)
0.0595798     (20.0002 -4.3774e-05 1.23593)
0.059602      (20.0002 -4.37428e-05 1.23628)
0.0596241     (20.0002 -4.37123e-05 1.23663)
0.0596462     (20.0002 -4.36853e-05 1.23698)
0.0596683     (20.0002 -4.36555e-05 1.23733)
0.0596904     (20.0002 -4.36251e-05 1.23768)
0.0597125     (20.0002 -4.35955e-05 1.23803)
0.0597346     (20.0002 -4.35637e-05 1.23838)
0.0597568     (20.0002 -4.35308e-05 1.23873)
0.0597789     (20.0002 -4.34986e-05 1.23908)
0.059801      (20.0002 -4.34617e-05 1.23943)
0.0598231     (20.0002 -4.34224e-05 1.23978)
0.0598452     (20.0002 -4.33853e-05 1.24013)
0.0598673     (20.0002 -4.33493e-05 1.24048)
0.0598894     (20.0002 -4.33112e-05 1.24083)
0.0599115     (20.0002 -4.32747e-05 1.24117)
0.0599337     (20.0001 -4.32337e-05 1.24152)
0.0599558     (20.0001 -4.31941e-05 1.24187)
0.0599779     (20.0001 -4.31545e-05 1.24222)
0.06          (20.0001 -4.31154e-05 1.24257)
0.0600221     (20.0001 -4.30813e-05 1.24292)
0.0600442     (20.0001 -4.30345e-05 1.24327)
0.0600663     (20.0001 -4.29826e-05 1.24361)
0.0600884     (20.0001 -4.29313e-05 1.24396)
0.0601105     (20.0001 -4.28865e-05 1.24431)
0.0601326     (20.0001 -4.28422e-05 1.24466)
0.0601547     (20.0001 -4.27955e-05 1.245)
0.0601768     (20.0001 -4.27503e-05 1.24535)
0.0601989     (20.0001 -4.27047e-05 1.2457)
0.060221      (20.0001 -4.26537e-05 1.24605)
0.0602431     (20.0001 -4.25989e-05 1.24639)
0.0602652     (20.0001 -4.25451e-05 1.24674)
0.0602873     (20.0001 -4.24901e-05 1.24709)
0.0603094     (20.0001 -4.24293e-05 1.24743)
0.0603315     (20.0001 -4.23667e-05 1.24778)
0.0603536     (20.0001 -4.2306e-05 1.24813)
0.0603757     (20.0001 -4.22397e-05 1.24847)
0.0603978     (20.0001 -4.21748e-05 1.24882)
0.0604199     (20.0001 -4.2111e-05 1.24917)
0.060442      (20.0001 -4.20455e-05 1.24951)
0.0604641     (20.0001 -4.19823e-05 1.24986)
0.0604862     (20.0001 -4.19217e-05 1.2502)
0.0605083     (20.0001 -4.18603e-05 1.25055)
0.0605304     (20.0001 -4.17974e-05 1.25089)
0.0605525     (20.0001 -4.17329e-05 1.25124)
0.0605746     (20.0001 -4.16651e-05 1.25159)
0.0605967     (20.0001 -4.16021e-05 1.25193)
0.0606188     (20.0001 -4.15409e-05 1.25228)
0.0606409     (20.0001 -4.14791e-05 1.25262)
0.060663      (20.0001 -4.1418e-05 1.25297)
0.0606851     (20.0001 -4.13538e-05 1.25331)
0.0607072     (20.0001 -4.12869e-05 1.25365)
0.0607293     (20.0001 -4.12198e-05 1.254)
0.0607514     (20.0001 -4.11524e-05 1.25434)
0.0607735     (20.0001 -4.1082e-05 1.25469)
0.0607956     (20.0001 -4.10074e-05 1.25503)
0.0608177     (20.0001 -4.09337e-05 1.25538)
0.0608398     (20.0001 -4.08644e-05 1.25572)
0.0608619     (20.0001 -4.07956e-05 1.25606)
0.060884      (20.0001 -4.07215e-05 1.25641)
0.0609061     (20.0001 -4.06413e-05 1.25675)
0.0609282     (20.0001 -4.05588e-05 1.25709)
0.0609503     (20.0001 -4.04763e-05 1.25744)
0.0609724     (20.0001 -4.03941e-05 1.25778)
0.0609945     (20.0001 -4.03161e-05 1.25812)
0.0610166     (20.0001 -4.02375e-05 1.25847)
0.0610387     (20.0001 -4.01577e-05 1.25881)
0.0610608     (20.0001 -4.00772e-05 1.25915)
0.0610829     (20.0001 -3.99961e-05 1.2595)
0.061105      (20.0001 -3.9914e-05 1.25984)
0.0611271     (20.0001 -3.98305e-05 1.26018)
0.0611492     (20.0001 -3.97453e-05 1.26052)
0.0611713     (20.0001 -3.96628e-05 1.26087)
0.0611934     (20.0001 -3.95803e-05 1.26121)
0.0612155     (20.0001 -3.94976e-05 1.26155)
0.0612376     (20.0001 -3.94117e-05 1.26189)
0.0612597     (20.0001 -3.93258e-05 1.26223)
0.0612818     (20.0001 -3.92415e-05 1.26257)
0.0613039     (20.0001 -3.91564e-05 1.26292)
0.061326      (20.0001 -3.90691e-05 1.26326)
0.0613481     (20.0001 -3.89822e-05 1.2636)
0.0613702     (20.0001 -3.88932e-05 1.26394)
0.0613923     (20.0001 -3.87992e-05 1.26428)
0.0614144     (20.0001 -3.87016e-05 1.26462)
0.0614365     (20.0001 -3.86033e-05 1.26496)
0.0614586     (20.0001 -3.85044e-05 1.2653)
0.0614807     (20.0001 -3.84038e-05 1.26564)
0.0615028     (20.0001 -3.8303e-05 1.26598)
0.0615249     (20.0001 -3.82041e-05 1.26632)
0.061547      (20.0001 -3.8103e-05 1.26666)
0.0615691     (20.0001 -3.7998e-05 1.267)
0.0615912     (20.0001 -3.78915e-05 1.26734)
0.0616133     (20.0001 -3.77854e-05 1.26768)
0.0616354     (20.0001 -3.76749e-05 1.26802)
0.0616575     (20.0001 -3.75609e-05 1.26836)
0.0616796     (20.0001 -3.74464e-05 1.2687)
0.0617017     (20.0001 -3.73341e-05 1.26904)
0.0617238     (20.0001 -3.7226e-05 1.26938)
0.0617458     (20.0001 -3.71075e-05 1.26972)
0.0617679     (20.0001 -3.69874e-05 1.27006)
0.06179       (20.0001 -3.68623e-05 1.2704)
0.0618121     (20.0001 -3.67295e-05 1.27074)
0.0618342     (20.0001 -3.65944e-05 1.27108)
0.0618563     (20.0001 -3.64617e-05 1.27141)
0.0618784     (20.0001 -3.63224e-05 1.27175)
0.0619004     (20.0001 -3.61796e-05 1.27209)
0.0619225     (20.0001 -3.60432e-05 1.27243)
0.0619446     (20.0001 -3.59098e-05 1.27277)
0.0619667     (20.0001 -3.57795e-05 1.2731)
0.0619888     (20.0001 -3.56494e-05 1.27344)
0.0620109     (20.0001 -3.55161e-05 1.27378)
0.062033      (20.0001 -3.53803e-05 1.27412)
0.062055      (20.0001 -3.52431e-05 1.27445)
0.0620771     (20.0001 -3.51021e-05 1.27479)
0.0620992     (20.0001 -3.49625e-05 1.27513)
0.0621213     (20.0001 -3.48206e-05 1.27546)
0.0621434     (20.0001 -3.46763e-05 1.2758)
0.0621655     (20.0001 -3.45323e-05 1.27614)
0.0621876     (20.0001 -3.4387e-05 1.27647)
0.0622097     (20.0001 -3.424e-05 1.27681)
0.0622317     (20.0001 -3.40905e-05 1.27715)
0.0622538     (20.0001 -3.39432e-05 1.27748)
0.0622759     (20.0001 -3.37927e-05 1.27782)
0.062298      (20.0001 -3.364e-05 1.27816)
0.0623201     (20.0001 -3.34864e-05 1.27849)
0.0623422     (20.0001 -3.33375e-05 1.27883)
0.0623643     (20.0001 -3.31793e-05 1.27916)
0.0623863     (20.0001 -3.30129e-05 1.2795)
0.0624084     (20.0001 -3.28452e-05 1.27983)
0.0624305     (20.0001 -3.2677e-05 1.28017)
0.0624526     (20.0001 -3.25078e-05 1.2805)
0.0624747     (20.0001 -3.23372e-05 1.28084)
0.0624968     (20.0001 -3.21646e-05 1.28117)
0.0625189     (20.0001 -3.19935e-05 1.28151)
0.0625409     (20.0001 -3.18184e-05 1.28184)
0.062563      (20.0001 -3.16408e-05 1.28218)
0.0625851     (20.0001 -3.14615e-05 1.28251)
0.0626072     (20.0001 -3.12773e-05 1.28285)
0.0626293     (20.0001 -3.10928e-05 1.28318)
0.0626514     (20.0001 -3.09098e-05 1.28352)
0.0626735     (20.0001 -3.07265e-05 1.28385)
0.0626955     (20.0001 -3.0542e-05 1.28418)
0.0627176     (20.0001 -3.03557e-05 1.28452)
0.0627397     (20.0001 -3.01671e-05 1.28485)
0.0627618     (20.0001 -2.99758e-05 1.28518)
0.0627839     (20.0001 -2.97841e-05 1.28552)
0.062806      (20.0001 -2.95952e-05 1.28585)
0.0628281     (20.0001 -2.94041e-05 1.28618)
0.0628501     (20.0001 -2.92097e-05 1.28652)
0.0628722     (20.0001 -2.90158e-05 1.28685)
0.0628943     (20.0001 -2.88218e-05 1.28718)
0.0629164     (20.0001 -2.86275e-05 1.28752)
0.0629385     (20.0001 -2.84307e-05 1.28785)
0.0629606     (20.0001 -2.82293e-05 1.28818)
0.0629827     (20.0001 -2.80288e-05 1.28851)
0.0630048     (20.0001 -2.78239e-05 1.28885)
0.0630268     (20.0001 -2.76151e-05 1.28918)
0.0630489     (20.0001 -2.74088e-05 1.28951)
0.063071      (20.0001 -2.72026e-05 1.28984)
0.0630931     (20.0001 -2.69989e-05 1.29017)
0.0631152     (20.0001 -2.67881e-05 1.2905)
0.0631372     (20.0001 -2.6572e-05 1.29084)
0.0631593     (20.0001 -2.63533e-05 1.29117)
0.0631814     (20.0001 -2.61332e-05 1.2915)
0.0632035     (20.0001 -2.59141e-05 1.29183)
0.0632255     (20.0001 -2.56937e-05 1.29216)
0.0632476     (20.0001 -2.5468e-05 1.29249)
0.0632697     (20.0001 -2.52409e-05 1.29282)
0.0632917     (20.0001 -2.50151e-05 1.29315)
0.0633138     (20.0001 -2.47872e-05 1.29348)
0.0633359     (20.0001 -2.45574e-05 1.29381)
0.063358      (20.0001 -2.43304e-05 1.29414)
0.06338       (20.0001 -2.40948e-05 1.29447)
0.0634021     (20.0001 -2.38476e-05 1.2948)
0.0634242     (20.0001 -2.35982e-05 1.29513)
0.0634462     (20.0001 -2.33471e-05 1.29546)
0.0634683     (20.0001 -2.30942e-05 1.29579)
0.0634904     (20.0001 -2.28398e-05 1.29612)
0.0635125     (20.0001 -2.25865e-05 1.29645)
0.0635345     (20.0001 -2.23323e-05 1.29678)
0.0635566     (20.0001 -2.2067e-05 1.29711)
0.0635787     (20.0001 -2.17968e-05 1.29744)
0.0636008     (20.0001 -2.15229e-05 1.29776)
0.0636228     (20.0001 -2.12472e-05 1.29809)
0.0636449     (20.0001 -2.09705e-05 1.29842)
0.063667      (20.0001 -2.06934e-05 1.29875)
0.063689      (20.0001 -2.04101e-05 1.29908)
0.0637111     (20.0001 -2.01228e-05 1.29941)
0.0637332     (20.0001 -1.98441e-05 1.29973)
0.0637553     (20.0001 -1.95731e-05 1.30006)
0.0637773     (20.0001 -1.93069e-05 1.30039)
0.0637994     (20.0001 -1.90427e-05 1.30072)
0.0638215     (20.0001 -1.87819e-05 1.30105)
0.0638435     (20.0001 -1.85276e-05 1.30137)
0.0638656     (20.0001 -1.82828e-05 1.3017)
0.0638877     (20.0001 -1.80447e-05 1.30203)
0.0639098     (20.0001 -1.78174e-05 1.30235)
0.0639318     (20.0001 -1.76136e-05 1.30268)
0.0639539     (20.0001 -1.7445e-05 1.30301)
0.063976      (20.0001 -1.73488e-05 1.30334)
0.063998      (20.0001 -1.74568e-05 1.30366)
0.0640201     (20.0001 -1.79717e-05 1.30399)
0.0640422     (20.0001 -1.74033e-05 1.30432)
0.0640643     (20.0001 -1.6674e-05 1.30464)
0.0640863     (20.0001 -1.59392e-05 1.30497)
0.0641084     (20.0001 -1.52103e-05 1.30529)
0.0641305     (20.0001 -1.44877e-05 1.30562)
0.0641525     (20.0001 -1.37776e-05 1.30594)
0.0641746     (20.0001 -1.30744e-05 1.30627)
0.0641967     (20.0001 -1.23755e-05 1.30659)
0.0642188     (20.0001 -1.16803e-05 1.30692)
0.0642408     (20.0001 -1.09859e-05 1.30724)
0.0642629     (20.0001 -1.02929e-05 1.30757)
0.064285      (20.0001 -9.60135e-06 1.30789)
0.064307      (20.0001 -8.91091e-06 1.30822)
0.0643291     (20.0001 -8.21949e-06 1.30854)
0.0643512     (20.0001 -7.52834e-06 1.30887)
0.0643732     (20.0001 -6.83803e-06 1.30919)
0.0643953     (20.0001 -6.13973e-06 1.30951)
0.0644173     (20.0001 -5.43707e-06 1.30984)
0.0644394     (20.0001 -4.72919e-06 1.31016)
0.0644615     (20.0001 -4.01681e-06 1.31048)
0.0644835     (20.0001 -3.29954e-06 1.31081)
0.0645056     (20.0001 -2.5782e-06 1.31113)
0.0645276     (20.0001 -1.85001e-06 1.31145)
0.0645497     (20.0001 -1.11951e-06 1.31178)
0.0645717     (20.0001 -3.8447e-07 1.3121)
0.0645938     (20.0001 3.52553e-07 1.31242)
0.0646158     (20.0001 1.09553e-06 1.31275)
0.0646379     (20.0001 1.84827e-06 1.31307)
0.06466       (20.0001 2.60857e-06 1.31339)
0.064682      (20.0001 3.37933e-06 1.31371)
0.0647041     (20.0001 4.1577e-06 1.31403)
0.0647261     (20.0001 4.94221e-06 1.31436)
0.0647482     (20.0001 5.7336e-06 1.31468)
0.0647702     (20.0001 6.53505e-06 1.315)
0.0647923     (20.0001 7.34476e-06 1.31532)
0.0648144     (20.0001 8.16084e-06 1.31564)
0.0648364     (20.0001 8.98601e-06 1.31596)
0.0648585     (20.0001 9.83163e-06 1.31629)
0.0648805     (20.0001 1.06862e-05 1.31661)
0.0649026     (20.0001 1.1558e-05 1.31693)
0.0649246     (20.0001 1.24586e-05 1.31725)
0.0649467     (20.0001 1.33755e-05 1.31757)
0.0649687     (20.0001 1.43106e-05 1.31789)
0.0649908     (20.0001 1.52549e-05 1.31821)
0.0650129     (20.0001 1.62137e-05 1.31853)
0.0650349     (20.0001 1.71887e-05 1.31885)
0.065057      (20.0001 1.81812e-05 1.31917)
0.065079      (20.0001 1.91823e-05 1.31949)
0.0651011     (20.0001 2.01942e-05 1.31981)
0.0651231     (20.0001 2.12201e-05 1.32013)
0.0651452     (20.0001 2.23035e-05 1.32045)
0.0651672     (20.0001 2.34292e-05 1.32077)
0.0651893     (20.0001 2.45321e-05 1.32109)
0.0652114     (20.0001 2.56547e-05 1.32141)
0.0652334     (20.0001 2.67965e-05 1.32173)
0.0652555     (20.0001 2.79601e-05 1.32205)
0.0652775     (20.0001 2.91469e-05 1.32236)
0.0652996     (20.0001 3.03505e-05 1.32268)
0.0653216     (20.0001 3.15839e-05 1.323)
0.0653437     (20.0001 3.28463e-05 1.32332)
0.0653658     (20.0001 3.41423e-05 1.32364)
0.0653878     (20.0001 3.54714e-05 1.32396)
0.0654099     (20.0001 3.68377e-05 1.32427)
0.0654319     (20.0001 3.82417e-05 1.32459)
0.065454      (20.0001 3.96833e-05 1.32491)
0.065476      (20.0001 4.11677e-05 1.32523)
0.0654981     (20.0001 4.26921e-05 1.32554)
0.0655201     (20.0001 4.42573e-05 1.32586)
0.0655422     (20.0001 4.58601e-05 1.32618)
0.0655643     (20.0001 4.75048e-05 1.32649)
0.0655863     (20.0001 4.92007e-05 1.32681)
0.0656083     (20.0001 5.09447e-05 1.32713)
0.0656304     (20.0001 5.27326e-05 1.32744)
0.0656524     (20.0001 5.45792e-05 1.32776)
0.0656745     (20.0001 5.64808e-05 1.32808)
0.0656965     (20.0001 5.84395e-05 1.32839)
0.0657185     (20.0001 6.04536e-05 1.32871)
0.0657406     (20.0001 6.25233e-05 1.32902)
0.0657626     (20.0001 6.46516e-05 1.32934)
0.0657847     (20.0001 6.68396e-05 1.32965)
0.0658067     (20.0001 6.90831e-05 1.32997)
0.0658287     (20.0001 7.13722e-05 1.33028)
0.0658508     (20.0001 7.38052e-05 1.3306)
0.0658728     (20.0001 7.62841e-05 1.33091)
0.0658948     (20.0001 7.87937e-05 1.33122)
0.0659169     (20.0001 8.13962e-05 1.33154)
0.0659389     (20.0001 8.40793e-05 1.33185)
0.065961      (20.0001 8.68426e-05 1.33217)
0.065983      (20.0001 8.96866e-05 1.33248)
0.066005      (20.0001 9.2608e-05 1.33279)
0.0660271     (20.0001 9.56001e-05 1.33311)
0.0660491     (20.0001 9.86615e-05 1.33342)
0.0660712     (20.0001 0.000101794 1.33373)
0.0660932     (20.0001 0.000105002 1.33404)
0.0661152     (20.0001 0.000108288 1.33436)
0.0661373     (20.0001 0.00011165 1.33467)
0.0661593     (20.0001 0.000115071 1.33498)
0.0661814     (20.0001 0.000118556 1.33529)
0.0662034     (20.0001 0.000122106 1.3356)
0.0662254     (20.0001 0.000125736 1.33592)
0.0662475     (20.0001 0.000129451 1.33623)
0.0662695     (20.0001 0.000133255 1.33654)
0.0662916     (20.0001 0.000137153 1.33685)
0.0663136     (20.0001 0.000141094 1.33716)
0.0663356     (20.0001 0.000145139 1.33747)
0.0663577     (20.0001 0.00014928 1.33778)
0.0663797     (20.0001 0.000153536 1.33809)
0.0664018     (20.0001 0.000157964 1.3384)
0.0664238     (20.0001 0.000162504 1.33871)
0.0664458     (20.0001 0.000167184 1.33902)
0.0664679     (20.0001 0.00017201 1.33932)
0.0664899     (20.0001 0.000176989 1.33963)
0.0665119     (20.0001 0.000182123 1.33994)
0.066534      (20.0001 0.000187427 1.34025)
0.066556      (20.0001 0.000192939 1.34055)
0.0665781     (20.0001 0.000198688 1.34086)
0.0666001     (20.0001 0.000204694 1.34117)
0.0666221     (20.0001 0.000210971 1.34147)
0.0666442     (20.0001 0.00021754 1.34178)
0.0666662     (20.0001 0.000224424 1.34208)
0.0666883     (20.0001 0.000231645 1.34239)
0.0667103     (20.0001 0.000239231 1.34269)
0.0667323     (20.0001 0.000247261 1.343)
0.0667544     (20.0001 0.000255922 1.3433)
0.0667764     (20.0001 0.000264496 1.3436)
0.0667985     (20.0001 0.000273261 1.34391)
0.0668205     (20.0001 0.000282536 1.34421)
0.0668425     (20.0001 0.000292272 1.34451)
0.0668646     (20.0001 0.000302509 1.34481)
0.0668866     (20.0001 0.000313263 1.34511)
0.0669087     (20.0001 0.000324634 1.34541)
0.0669307     (20.0001 0.000336663 1.34571)
0.0669527     (20.0001 0.000349381 1.34601)
0.0669748     (20.0001 0.000362844 1.34631)
0.0669968     (20.0001 0.000377116 1.3466)
0.0670188     (20.0001 0.000392263 1.3469)
0.0670408     (20.0001 0.000408392 1.34719)
0.0670628     (20.0001 0.000425632 1.34749)
0.0670849     (20.0001 0.000444 1.34778)
0.0671069     (20.0001 0.000463774 1.34807)
0.0671289     (20.0001 0.000484609 1.34836)
0.0671509     (20.0001 0.000506303 1.34865)
0.067173      (20.0001 0.000529403 1.34894)
0.067195      (20.0001 0.000554059 1.34922)
0.067217      (20.0001 0.000580563 1.34951)
0.067239      (20.0001 0.000609479 1.34979)
0.067261      (20.0001 0.000640001 1.35007)
0.0672831     (20.0001 0.000671105 1.35035)
0.0673051     (20.0001 0.000705111 1.35062)
0.0673271     (20.0001 0.000742148 1.3509)
0.0673491     (20.0001 0.000782628 1.35117)
0.0673711     (20 0.000826009 1.35143)
0.0673932     (20 0.000870965 1.3517)
0.0674152     (20 0.000919477 1.35196)
0.0674372     (20 0.000972363 1.35222)
0.0674592     (20 0.00102998 1.35247)
0.0674812     (20 0.00109295 1.35272)
0.0675033     (20 0.00116206 1.35296)
0.0675253     (20 0.00123812 1.35319)
0.0675473     (20 0.00132211 1.35342)
0.0675693     (20 0.00141495 1.35363)
0.0675913     (20 0.00151772 1.35384)
0.0676134     (20 0.00163309 1.35403)
0.0676354     (20 0.00176447 1.35421)
0.0676574     (20 0.00191467 1.35437)
0.0676794     (19.9999 0.00208289 1.35451)
0.0677014     (19.9999 0.00227553 1.35463)
0.0677235     (19.9999 0.00249723 1.35472)
0.0677455     (19.9999 0.00275481 1.35478)
0.0677675     (19.9999 0.00305745 1.35479)
0.0677895     (19.9998 0.00341733 1.35475)
0.0678116     (19.9998 0.00384888 1.35464)
0.0678336     (19.9997 0.0043693 1.35445)
0.0678556     (19.9997 0.0049806 1.35416)
0.0678776     (19.9996 0.00568438 1.3538)
0.0678996     (19.9996 0.00649771 1.35332)
0.0679216     (19.9995 0.00744506 1.35272)
0.0679436     (19.9994 0.00855581 1.35196)
0.0679656     (19.9993 0.00981921 1.35106)
0.0679875     (19.9992 0.0112361 1.35)
0.0680095     (19.999 0.0128248 1.34879)
0.0680315     (19.9989 0.0146221 1.34737)
0.0680535     (19.9987 0.016668 1.34572)
0.0680754     (19.9985 0.0189967 1.34379)
0.0680974     (19.9983 0.0216607 1.34155)
0.0681194     (19.998 0.0247074 1.33893)
0.0681413     (19.9977 0.0281666 1.33591)
0.0681632     (19.9974 0.032128 1.33241)
0.0681851     (19.9969 0.0367218 1.3283)
0.068207      (19.9965 0.0420308 1.32351)
0.0682289     (19.996 0.0481116 1.31797)
0.0682508     (19.9954 0.055052 1.3116)
0.0682726     (19.9947 0.0629546 1.3043)
0.0682945     (19.9939 0.0720306 1.29586)
0.0683163     (19.993 0.0823845 1.28618)
0.068338      (19.992 0.0942099 1.27507)
0.0683597     (19.9908 0.107723 1.26232)
0.0683814     (19.9894 0.123116 1.24775)
0.0684031     (19.9879 0.140699 1.23105)
0.0684246     (19.9861 0.160598 1.2121)
0.0684462     (19.9842 0.182343 1.19134)
0.0684676     (19.9821 0.206314 1.1684)
0.068489      (19.9798 0.232471 1.14331)
0.0685104     (19.9773 0.260788 1.11611)
0.0685316     (19.9746 0.291486 1.08656)
0.0685528     (19.9717 0.324735 1.05459)
0.0685739     (19.9686 0.3606 1.02008)
0.0685949     (19.9652 0.399108 0.982948)
0.0686159     (19.9615 0.440125 0.943403)
0.0686367     (19.9577 0.483456 0.901593)
0.0686575     (19.9538 0.527736 0.858863)
0.0686782     (19.95 0.571819 0.816328)
0.0686988     (19.9463 0.615209 0.774491)
0.0687194     (19.9426 0.657878 0.733408)
0.0687399     (19.9391 0.699957 0.693011)
0.0687604     (19.9357 0.742125 0.652604)
0.0687808     (19.9323 0.784267 0.612325)
0.0688012     (19.9291 0.824981 0.57353)
0.0688216     (19.926 0.864367 0.536078)
0.068842      (19.9232 0.90226 0.500304)
0.0688623     (19.9206 0.938576 0.466275)
0.0688826     (19.9183 0.973302 0.433942)
0.068903      (19.9161 1.00755 0.402198)
0.0689233     (19.9139 1.04114 0.371251)
0.0689436     (19.912 1.0739 0.341261)
